CUTE-1 (CO-55)          
1 27844U 03031E   15113.02155955  .00000607  00000-0  29556-3 0  9998
2 27844  98.6966 122.3340 0010954  99.6539 318.5832 14.21772508612608
CUBESAT XI-IV (CO-57)   
1 27848U 03031J   15113.73093166  .00000467  00000-0  23345-3 0  9999
2 27848  98.7063 122.9124 0010828 104.2816 310.9475 14.21423787612610
CUBESAT XI-V (CO-58)    
1 28895U 05043F   15113.26302806  .00002100  00000-0  42009-3 0  9993
2 28895  97.8224 303.9067 0018459 109.3553 250.9647 14.62693590505566
NTS (CANX-6)            
1 32784U 08021B   15113.76732323  .00002635  00000-0  31097-3 0  9998
2 32784  97.6534 156.8101 0013254 245.8565 177.8426 14.85466644377989
CUTE-1.7+APD II (CO-65) 
1 32785U 08021C   15113.81393726  .00003285  00000-0  37499-3 0  9999
2 32785  97.6543 159.3689 0012172 242.3776 243.6667 14.86696344378155
COMPASS-1               
1 32787U 08021E   15113.09423769  .00007243  00000-0  74810-3 0  9998
2 32787  97.6566 162.4518 0012058 230.5572 129.4580 14.90387113378302
AAUSAT-II               
1 32788U 08021F   15113.12611887  .00007228  00000-0  72823-3 0  9998
2 32788  97.6569 163.9038 0011742 227.7287 132.2937 14.91388676378392
DELFI-C3 (DO-64)        
1 32789U 08021G   15112.75047671  .00017824  00000-0  14697-2 0  9998
2 32789  97.6794 173.6287 0010239 198.4778 309.4084 14.99047613378770
CANX-2                  
1 32790U 08021H   15113.79481464  .00003122  00000-0  35821-3 0  9996
2 32790  97.6498 158.3659 0012814 243.9968 175.4468 14.86511103378115
SEEDS II (CO-66)        
1 32791U 08021J   15113.10852154  .00004769  00000-0  51789-3 0  9999
2 32791  97.6560 160.4751 0012747 237.8361 122.1621 14.88516413378129
SWISSCUBE               
1 35932U 09051B   15112.82586555  .00002517  00000-0  59109-3 0  9993
2 35932  98.4012 231.2122 0008663 143.8497 216.3287 14.55308564295916
BEESAT                  
1 35933U 09051C   15113.30571352  .00001992  00000-0  46811-3 0  9999
2 35933  98.4023 232.5879 0006550 152.6089 207.5454 14.55512486296076
ITUPSAT 1               
1 35935U 09051E   15112.80111077  .00001853  00000-0  44327-3 0  9995
2 35935  98.4128 232.3220 0009031 147.1597 213.0162 14.54755705295879
TISAT 1                 
1 36799U 10035E   15113.83454292  .00006188  00000-0  67573-3 0  9995
2 36799  98.0124 213.5998 0013415  31.3735  85.5838 14.88199665258877
M-CUBED & EXP-1 PRIME   
1 37855U 11061F   15113.50277296  .00014488  00000-0  86803-3 0  9999
2 37855 101.7193 299.6397 0198626 233.0940 125.1924 14.96135263188977
AAUSAT3                 
1 39087U 13009B   15113.52201358  .00000963  00000-0  35289-3 0  9995
2 39087  98.6051 312.1128 0013551 109.7492 250.5175 14.35054449112810
STRAND-1                
1 39090U 13009E   15112.51547772  .00000464  00000-0  17917-3 0  9994
2 39090  98.6123 311.5989 0010338 108.4279 251.8031 14.34768299112674
BRITE-AUSTRIA           
1 39091U 13009F   15113.54913751  .00000294  00000-0  11915-3 0  9996
2 39091  98.6071 312.3214 0011611 113.6709 246.5696 14.34867063112833
UNIBRITE                
1 39092U 13009G   15113.40928930  .00000350  00000-0  13923-3 0  9991
2 39092  98.6071 311.9981 0010546 107.4570 252.7769 14.34740302112806
AIST-2                  
1 39133U 13015D   15113.53866655  .00004199  00000-0  32098-3 0  9992
2 39133  64.8755 246.2385 0036216 249.6739 110.0486 15.02783522110179
SOMP                    
1 39134U 13015E   15113.77494318  .00015678  00000-0  92170-3 0  9993
2 39134  64.8734 231.5073 0033065 259.5799 100.1597 15.11383049110479
BEESAT-2                
1 39136U 13015G   15113.31012663  .00020208  00000-0  12242-2 0  9990
2 39136  64.8734 234.9643 0033813 258.3606 101.4223 15.09864719110370
NEE-01 PEGASUS          
1 39151U 13018B   15113.76067693  .00002836  00000-0  39220-3 0  9995
2 39151  98.0169 198.1137 0018775  71.5884 288.7366 14.78752437107427
CUBEBUG-1 (CAPITAN BETO)
1 39153U 13018D   15113.76429062  .00003297  00000-0  45135-3 0  9993
2 39153  98.0170 198.2887 0018637  71.3326 288.9906 14.79072568107434
ESTCUBE 1               
1 39161U 13021C   15113.78805256  .00002285  00000-0  37996-3 0  9993
2 39161  98.0714 197.1931 0010840 124.4796 235.7451 14.71039528105247
POPACS 1                
1 39268U 13055D   15113.29420658  .00034391  00000-0  10825-2 0  9997
2 39268  81.0067 101.0195 0706147 344.8928  13.2072 14.17567728 80249
POPACS 2                
1 39269U 13055E   15113.68689001  .00020732  00000-0  64665-3 0  9996
2 39269  81.0215 103.2719 0738204 352.0447   6.9503 14.11010774 80120
POPACS 3                
1 39270U 13055F   15113.01526795  .00017344  00000-0  56612-3 0  9993
2 39270  80.9986 105.3553 0752332 358.4643   1.4210 14.07036080 79935
PHONESAT 2.4            
1 39381U 13064B   15112.93752390  .00045196  00000-0  10774-2 0  9992
2 39381  40.4999  74.1791 0012862 237.4097 122.5477 15.40672258 79432
ORSES                   
1 39386U 13064G   15113.86901802  .00107613  00000-0  19272-2 0  9999
2 39386  40.4978  56.2932 0013881 241.7733 118.2187 15.48949621 79405
PROMETHEUS 1-4          
1 39390U 13064L   15113.85305156  .00074065  00000-0  12403-2 0  9996
2 39390  40.4969  54.3604 0015281 243.9707 115.9538 15.50732183 78900
PROMETHEUS 1-2          
1 39391U 13064M   15113.84888850  .00073272  00000-0  12209-2 0  9996
2 39391  40.4970  54.3307 0015282 244.0074 115.9171 15.50875931 77667
PROMETHEUS 1-5          
1 39393U 13064P   15113.86150783  .00078595  00000-0  12665-2 0  9996
2 39393  40.5157  53.4327 0015769 250.6696 109.2419 15.51775888 78889
PROMETHEUS 1-6          
1 39394U 13064Q   15113.25180633  .00084256  00000-0  14041-2 0  9998
2 39394  40.5141  58.4708 0015910 244.8894 115.0275 15.50809837 78745
VERMONT LUNAR           
1 39407U 13064AD  15113.84080881  .00079070  00000-0  12563-2 0  9997
2 39407  40.5186  53.4174 0015316 245.3441 114.5784 15.52173771 77511
PROMETHEUS 1-3          
1 39408U 13064AE  15113.81909079  .00075729  00000-0  12556-2 0  9993
2 39408  40.4979  54.1195 0015169 245.6086 114.3151 15.51004622 79612
ZACUBE-1 (TSHEPISOSAT)  
1 39417U 13066B   15113.75903299  .00002899  00000-0  38299-3 0  9997
2 39417  97.7342 178.3102 0059446 314.7890  44.8495 14.79537482 76580
WNISAT-1                
1 39423U 13066H   15113.82357978  .00001295  00000-0  26846-3 0  9993
2 39423  97.7092 156.6505 0177497  13.7077 346.8824 14.52351420 75212
CINEMA-2 (KHUSAT-2)     
1 39424U 13066J   15113.80324154  .00001947  00000-0  30210-3 0  9996
2 39424  97.7259 171.8009 0093465 330.4826  29.1123 14.71334589 76176
CINEMA-3 (KHUSAT-2)     
1 39426U 13066L   15113.11217498  .00001689  00000-0  27613-3 0  9990
2 39426  97.7218 168.8913 0105389 338.6918  20.9915 14.68486658 75936
TRITON-1                
1 39427U 13066M   15113.76461703  .00002237  00000-0  37376-3 0  9999
2 39427  97.7201 167.7042 0115407 341.6109  18.0939 14.66521341 75883
GOMX 1                  
1 39430U 13066Q   15113.78889328  .00002402  00000-0  45340-3 0  9996
2 39430  97.7147 160.8135 0154174   1.6940 358.4745 14.57936397 75453
BRITE-PL                
1 39431U 13066R   15113.13182895  .00001261  00000-0  28031-3 0  9991
2 39431  97.7053 151.4417 0204330  29.8782 331.3894 14.46443621 74809
HUMSAT-D                
1 39433U 13066T   15113.16535135  .00006644  00000-0  70391-3 0  9991
2 39433  97.7429 184.7683 0031292 304.6810  55.1459 14.89090268 76928
EAGLE 2                 
1 39436U 13066W   15113.76430114  .00038251  00000-0  27326-2 0  9999
2 39436  97.7461 189.6879 0022725 284.8609  75.0099 15.04165887 77306
VELOX-PII               
1 39438U 13066Y   15113.16970674  .00002719  00000-0  38115-3 0  9994
2 39438  97.7310 175.4453 0071215 321.9294  37.6896 14.76569271 76348
CUBEBUG-2 (LO-74)       
1 39440U 13066AA  15113.77594807  .00002624  00000-0  38280-3 0  9992
2 39440  97.7289 174.1215 0081281 324.4918  35.0896 14.74372739 76311
NEE-02 KRYSAOR          
1 39441U 13066AB  15113.12382895  .00002064  00000-0  30634-3 0  9997
2 39441  97.7287 173.2425 0082454 327.3691  32.2437 14.73818211 76168
FUNCUBE-1 (AO-73)       
1 39444U 13066AE  15113.13346807  .00004160  00000-0  54046-3 0  9996
2 39444  97.7343 177.9040 0058873 316.1477  43.5069 14.80024819 75272
UWE-3                   
1 39446U 13066AG  15113.79808585  .00002755  00000-0  38360-3 0  9995
2 39446  97.7311 176.1544 0070806 319.4637  40.1313 14.76863994 75223
BRITE-TORONTO           
1 40020U 14033L   15113.68625310  .00001312  00000-0  23570-3 0  9996
2 40020  97.9409   3.7166 0087416 302.2937  56.9820 14.65924114 44994
DUCHIFAT-1              
1 40021U 14033M   15113.70187249  .00005689  00000-0  62900-3 0  9995
2 40021  97.9593  14.1324 0014265   9.6575 350.4926 14.87715822 45706
NANOSATC-BR1            
1 40024U 14033Q   15113.67740877  .00004754  00000-0  53165-3 0  9991
2 40024  97.9580  13.9430 0013523   8.9521 351.2071 14.87338983 45696
QB50P1                  
1 40025U 14033R   15113.71293751  .00003871  00000-0  43839-3 0  9997
2 40025  97.9575  13.8928 0013531   9.5054 350.6426 14.86936379 45700
FLOCK 1C-7              
1 40026U 14033S   15113.68378239  .00004064  00000-0  45750-3 0  9998
2 40026  97.9643  14.1533 0012472  10.3919 349.7545 14.87167348 45700
FLOCK 1C-1              
1 40027U 14033T   15113.70150310  .00003207  00000-0  36170-3 0  9994
2 40027  97.9630  14.1273 0013746   7.8285 352.3157 14.87235327 45702
POPSAT-HIP-1            
1 40028U 14033U   15113.81337031  .00003794  00000-0  43120-3 0  9998
2 40028  97.9600  14.0563 0014722   5.8984 354.2438 14.86790825 45701
FLOCK 1C-2              
1 40029U 14033V   15113.71568343  .00002724  00000-0  30851-3 0  9999
2 40029  97.9629  14.0955 0014829   4.7143 355.4215 14.87187461 45692
FLOCK 1C-4              
1 40031U 14033X   15113.71084708  .00010334  00000-0  11495-2 0  9998
2 40031  97.9633  14.1110 0014779   3.8817 356.2209 14.87255444 45684
QB50P2                  
1 40032U 14033Y   15113.66328631  .00003463  00000-0  39724-3 0  9990
2 40032  97.9574  13.6381 0012616   3.1441 356.9855 14.86497437 45680
FLOCK 1C-11             
1 40033U 14033Z   15113.65491841  .00007946  00000-0  88590-3 0  9999
2 40033  97.9648  14.0580 0013135   1.6897 358.4385 14.87258462 45694
ANTELSAT                
1 40034U 14033AA  15113.68525473  .00003053  00000-0  47499-3 0  9990
2 40034  97.9501   6.9162 0059379 295.4058  64.1014 14.72560285 45278
FLOCK 1C-9              
1 40035U 14033AB  15113.66417256  .00011092  00000-0  12339-2 0  9994
2 40035  97.9685  14.0943 0011299   3.1827 356.9412 14.87269011 45684
FLOCK 1C-6              
1 40036U 14033AC  15113.67141280  .00003955  00000-0  44397-3 0  9996
2 40036  97.9652  14.1107 0012678 359.5201   0.6015 14.87302623 45698
PERSEUS-M2              
1 40037U 14033AD  15113.70239309  .00001898  00000-0  22579-3 0  9993
2 40037  97.9614  13.6256 0015186   0.8877 359.2370 14.85516522 45665
FLOCK 1C-5              
1 40038U 14033AE  15113.68882780  .00005781  00000-0  64553-3 0  9991
2 40038  97.9665  14.0518 0015333 359.3556   0.7692 14.87296365 45687
PERSEUS-M1              
1 40039U 14033AF  15113.70825839  .00001872  00000-0  22476-3 0  9992
2 40039  97.9637  13.5248 0014816 355.7616   4.3480 14.85154064 45663
FLOCK 1C-8              
1 40040U 14033AG  15113.66920197  .00007928  00000-0  87165-3 0  9996
2 40040  97.9639  14.1203 0014140 352.9141   7.1880 14.87820153 45685
FLOCK 1C-3              
1 40041U 14033AH  15113.69694266  .00003002  00000-0  33958-3 0  9995
2 40041  97.9668  14.0825 0014013 354.5162   5.5927 14.87159399 45688
POLYITAN-1              
1 40042U 14033AJ  15113.69880866  .00004637  00000-0  53267-3 0  9999
2 40042  97.9640  13.7389 0015801 354.0287   6.0756 14.86232105 45669
TIGRISAT                
1 40043U 14033AK  15113.65360905  .00002250  00000-0  34720-3 0  9995
2 40043  97.9486   7.2053 0060261 298.4625  61.0522 14.73154996 45143
LEMUR-1                 
1 40044U 14033AL  15113.67633005  .00001798  00000-0  28029-3 0  9993
2 40044  97.9485   7.1880 0059452 298.7997  60.7266 14.73002373 45158
AEROCUBE 6A             
1 40045U 14033AM  15113.69349105  .00004298  00000-0  65629-3 0  9996
2 40045  97.9517   7.0866 0059037 295.4504  64.0605 14.73167202 45006
AEROCUBE 6B             
1 40046U 14033AN  15113.69363982  .00004208  00000-0  64272-3 0  9990
2 40046  97.9506   7.0720 0058721 295.1644  64.3482 14.73177331 45139
UKUBE-1                 
1 40074U 14037F   15113.74863810  .00003893  00000-0  49816-3 0  9992
2 40074  98.3622 183.5292 0005962  68.2768 291.9084 14.81962344 42771
BRITE-PL 2              
1 40119U 14049B   15113.74926130  .00001936  00000-0  24216-3 0  9993
2 40119  97.9912 190.4917 0019010 127.0166 233.2797 14.83348084 36699
FIREBIRD 4              
1 40378U 15003C   15113.86677312  .00022480  00000-0  11293-2 0  9996
2 40378  99.1233 137.3194 0162337  71.3470 290.5361 15.06446349 12374
GRIFEX                  
1 40379U 15003D   15113.68248089  .00017022  00000-0  86723-3 0  9999
2 40379  99.1209 137.0721 0163150  72.8090 289.0935 15.05953776 12342
EXOCUBE                 
1 40380U 15003E   15113.63188717  .00012693  00000-0  65492-3 0  9996
2 40380  99.1258 136.9990 0164399  72.5088 289.4027 15.05470240 12339
AESP 14                 
1 40389U 98067FM  15113.88050565  .00762519  00000-0  29812-2 0  9996
2 40389  51.6332 348.8226 0011366 224.6861 135.3677 15.86146436 17650
FLOCK 1B-27             
1 40422U 98067FN  15113.91508218  .00090281  00000-0  94459-3 0  9991
2 40422  51.6448 353.4136 0004821 238.3085 210.6728 15.63671569 17576
FLOCK 1B-28             
1 40423U 98067FP  15113.86830958  .00158115  00000-0  16564-2 0  9996
2 40423  51.6450 353.8250 0002871 248.1947 209.1831 15.63369494 17568
FLOCK 1B-21             
1 40427U 98067FQ  15113.72403286  .00138805  00000-0  14298-2 0  9991
2 40427  51.6441 354.3621 0004905 216.6425 247.5909 15.63864158 17571
FLOCK 1B-22             
1 40428U 98067FR  15113.87858196  .00089029  00000-0  95104-3 0  9991
2 40428  51.6414 353.8704 0004358 233.9831 232.8835 15.63150134 17592
FLOCK 1B-10             
1 40429U 98067FS  15113.87541450  .00089888  00000-0  97647-3 0  9991
2 40429  51.6421 353.8957 0006735 268.6960 178.9721 15.62701616 17567
FLOCK 1B-9              
1 40430U 98067FT  15113.91297132  .00180080  00000-0  16847-2 0  9991
2 40430  51.6449 353.3979 0009596 243.9001 205.0443 15.66097456 17576
FLOCK 1D-1              
1 40451U 98067FU  15113.86655646  .00063936  00000-0  68852-3 0  9990
2 40451  51.6457 353.8397 0007252 248.6888 199.8299 15.63063830 17574
FLOCK 1D-2              
1 40452U 98067FV  15113.91385316  .00045473  00000-0  55229-3 0  9991
2 40452  51.6476 354.1665 0007726 253.4640 194.4967 15.60088290 17571
FLOCK 1B-5              
1 40453U 98067FW  15113.90790436  .00075878  00000-0  87244-3 0  9998
2 40453  51.6448 354.1076 0007981 254.2055 199.7199 15.61298131 17561
FLOCK 1B-6              
1 40454U 98067FX  15113.74740935  .00143652  00000-0  15215-2 0  9994
2 40454  51.6443 354.5052 0008304 248.6404 220.2897 15.63110429 17548
GEARRS-1                
1 40456U 98067FZ  15113.90064887  .00086671  00000-0  97590-3 0  9993
2 40456  51.6467 354.0673 0008992 213.8127 241.5291 15.61773286 17581
MICROMAS                
1 40457U 98067GA  15113.91131707  .00158074  00000-0  15089-2 0  9990
2 40457  51.6419 353.3915 0009626 237.9485 210.1161 15.65671516 17573
LAMBDASAT               
1 40458U 98067GB  15113.90396191  .00508156  00000-0  27930-2 0  9998
2 40458  51.6373 351.8284 0012699 233.6151 213.9778 15.77671675 17598
FLOCK 1B-11             
1 40459U 98067GC  15113.88200294  .00086119  00000-0  91535-3 0  9997
2 40459  51.6451 353.9473 0006840 231.7119 217.8651 15.63276917 17580
FLOCK 1B-12             
1 40460U 98067GD  15113.84145571  .00083141  00000-0  94353-3 0  9994
2 40460  51.6454 354.4599 0006755 236.7153 199.2537 15.61608874 17572
