BEIJING 1               
1 28890U 05043A   15113.84614059  .00000648  00000-0  14075-3 0  9995
2 28890  97.8140 300.2121 0016622 106.2004 254.1035 14.60969992505743
HJ-1A                   
1 33320U 08041A   15113.75549490  .00001881  00000-0  27855-3 0  9996
2 33320  98.0348 175.9927 0027411  36.8451 323.4633 14.76090431356886
HJ-1B                   
1 33321U 08041B   15113.79198294  .00002042  00000-0  30030-3 0  9992
2 33321  98.0380 176.7652 0036331  51.8634 308.5835 14.76115762356870
YAOGAN 4                
1 33446U 08061A   15113.89183564  .00001397  00000-0  20997-3 0  9990
2 33446  97.6481 145.3069 0016309 339.6111  20.4437 14.75896205344163
DEIMOS-1                
1 35681U 09041A   15113.70056632  .00001054  00000-0  17849-3 0  9999
2 35681  98.0335   8.9585 0001188  12.5654 347.5595 14.71335369307627
UK-DMC 2                
1 35683U 09041C   15113.72205727  .00000783  00000-0  13647-3 0  9994
2 35683  97.9364   6.3588 0001592  82.4296 277.7106 14.70670998307543
RISAT 1                 
1 38248U 12017A   15113.75890131  .00003101  00000-0  20041-3 0  9996
2 38248  97.5619 121.4624 0003075 197.4286 281.3074 15.08954721164790
