SAUDISAT 1C             
1 27607U 02058C   15113.17569972  .00001832  00000-0  28116-3 0  9999
2 27607  64.5567   6.7634 0078646 299.0141  60.3096 14.74657954663179
SAUDISAT 2              
1 28371U 04025F   15113.91284857  .00000683  00000-0  17164-3 0  9996
2 28371  98.0238  84.5267 0024507 252.7085 107.1444 14.54015352573716
UNISAT 3                
1 28373U 04025H   15113.85556439  .00001114  00000-0  32169-3 0  9991
2 28373  98.2471  63.1221 0070709  75.8943 341.7732 14.45039756570474
SAUDISAT 3              
1 31118U 07012B   15113.76949863  .00000417  00000-0  79060-4 0  9995
2 31118  97.7360 138.9766 0013853 265.5792  94.3824 14.68859614429708
