PROBA-1                 
1 26958U 01049B   15113.91369743  .00002746  00000-0  24858-3 0  9996
2 26958  97.4683 103.1370 0076714  81.4630 279.5305 14.93932042734227
BIRD 2                  
1 26959U 01049C   15113.65003464  .00011298  00000-0  41198-3 0  9991
2 26959  97.7759  11.9128 0009399 274.4768 142.3418 15.28305616746071
CUTE-1 (CO-55)          
1 27844U 03031E   15113.02155955  .00000607  00000-0  29556-3 0  9998
2 27844  98.6966 122.3340 0010954  99.6539 318.5832 14.21772508612608
CUBESAT XI-IV (CO-57)   
1 27848U 03031J   15113.73093166  .00000467  00000-0  23345-3 0  9999
2 27848  98.7063 122.9124 0010828 104.2816 310.9475 14.21423787612610
GENESIS 1               
1 29252U 06029A   15113.81401575  .00006055  00000-0  33310-3 0  9998
2 29252  64.5080 326.2860 0051804 275.6227 162.5961 15.13863819482808
FALCONSAT-3             
1 30776U 07006E   15113.09712098  .00018797  00000-0  77464-3 0  9996
2 30776  35.4270 346.2222 0000901 224.9620 263.9718 15.23259392447891
GENESIS 2               
1 31789U 07028A   15112.47415088  .00007796  00000-0  44279-3 0  9990
2 31789  64.5083   5.8204 0031397 321.2596  38.6273 15.13170638429724
APRIZESAT 4             
1 35684U 09041D   15112.73793631  .00001599  00000-0  22218-3 0  9991
2 35684  98.0709  39.2617 0049101 110.8819 279.8457 14.78490258308902
APRIZESAT 3             
1 35686U 09041F   15113.15790094  .00003482  00000-0  38276-3 0  9994
2 35686  98.1919  72.6886 0075519  49.3944 311.3808 14.86254002310396
PROBA-2                 
1 36037U 09059B   15113.12850059  .00000418  00000-0  11265-3 0  9994
2 36037  98.2776 306.9339 0012241 232.6940 266.2056 14.52826134289999
APRIZESAT 5             
1 37792U 11044E   15113.86382196  .00001547  00000-0  23417-3 0  9999
2 37792  98.2417 227.6537 0059767  34.2132  77.9991 14.74533564198105
APRIZESAT 6             
1 37793U 11044F   15113.84515318  .00001415  00000-0  23136-3 0  9994
2 37793  98.2177 220.2672 0048484  48.9057  65.9747 14.71686381197737
TET-1                   
1 38710U 12039D   15113.27324841  .00019818  00000-0  58074-3 0  9990
2 38710  97.4787  37.4398 0003235 123.4628 236.6925 15.35239564153214
STSAT-2C                
1 39068U 13003A   15113.22305639  .00097006  73251-6  14810-2 0  9996
2 39068  80.2493   2.3165 0585382  22.4669 340.1057 14.58062861115605
CUSAT 1                 
1 39266U 13055B   15113.06904630  .00033318  00000-0  10225-2 0  9999
2 39266  80.9906 101.2681 0715983 348.7145   9.8660 14.16050361 80154
STPSAT-3                
1 39380U 13064A   15112.39244923  .00015375  00000-0  55980-3 0  9994
2 39380  40.5022 102.6211 0003903 201.8463 158.2183 15.27829358 79093
APRIZESAT 7             
1 39416U 13066A   15113.77659582  .00001432  00000-0  17977-3 0  9993
2 39416  97.7396 181.8656 0040643 310.6242  49.1440 14.83122372 76789
APRIZESAT 8             
1 39425U 13066K   15113.80208191  .00001179  00000-0  15766-3 0  9995
2 39425  97.7363 179.7096 0051445 313.0536  46.6374 14.80451190 76678
BUGSAT-1 (TITA)         
1 40014U 14033E   15113.77319232  .00004538  00000-0  43541-3 0  9995
2 40014  97.9695  17.4259 0034480  48.8296 311.5907 14.93171811 45922
SAUDISAT 4              
1 40016U 14033G   15113.26101138  .00001029  00000-0  15900-3 0  9995
2 40016  97.9520   7.8116 0047690 297.9790  61.6590 14.74735268 45314
TABLETSAT-AURORA        
1 40017U 14033H   15113.81690941  .00004422  00000-0  44940-3 0  9998
2 40017  97.9662  16.3330 0025687  42.2273 318.0955 14.91089665 45860
APRIZESAT 9             
1 40018U 14033J   15113.67808648  .00000912  00000-0  15666-3 0  9991
2 40018  97.9457   5.5499 0071127 299.0705  60.3393 14.69457857 45119
APRIZESAT 10            
1 40019U 14033K   15113.66648227  .00000869  00000-0  15761-3 0  9993
2 40019  97.9417   4.0907 0084071 301.5727  57.7294 14.66562321 45074
AISAT                   
1 40054U 14034B   15113.83509489  .00004986  00000-0  74545-3 0  9997
2 40054  98.2186 190.7015 0014240  42.5872 317.6437 14.75127322 43845
CANX-4                  
1 40055U 14034C   15113.82826438  .00001500  00000-0  23587-3 0  9992
2 40055  98.2200 190.6627 0015645  51.4315 308.8286 14.74009200 43838
CANX-5                  
1 40056U 14034D   15113.76054293  .00001531  00000-0  24053-3 0  9991
2 40056  98.2203 190.5935 0015690  51.7293 308.5315 14.74007284 43820
TDS 1                   
1 40076U 14037H   15113.84269717  .00001092  00000-0  14875-3 0  9997
2 40076  98.3544 183.1259 0007250  78.9115 281.2911 14.80868559 42774
TIANTUO 2               
1 40144U 14053B   15113.79882395  .00007438  00000-0  26098-3 0  9998
2 40144  97.3861 190.8926 0012789 181.8047 295.1547 15.29643170 34761
