GOES 3                  
1 10953U 78062A   15113.54642331 -.00000104  00000-0  00000+0 0  9995
2 10953  14.1941 339.7546 0004648 140.8505 178.1442  1.00272845 88082
TDRS 3                  
1 19548U 88091B   15112.13417500 -.00000317  00000-0  00000+0 0  9995
2 19548  14.5936  16.6308 0037722 304.9373 234.2704  1.00266909 84525
LEASAT 5                
1 20410U 90002B   15113.26528215  .00000000  00000-0  10000-3 0  9994
2 20410  11.1991  18.5789 0002124 193.0230 166.9059  1.00269616 77849
SKYNET 4C               
1 20776U 90079A   15112.12697186 -.00000052  00000-0  00000+0 0  9994
2 20776  13.2909  24.3490 0002236   4.5819 225.4398  1.00273489 90095
TDRS 5                  
1 21639U 91054B   15113.11186116  .00000073  00000-0  00000+0 0  9995
2 21639  13.6824  30.1211 0020728 334.5998  78.5886  1.00272419 86883
TDRS 6                  
1 22314U 93003B   15113.63231878  .00000000  00000-0  10000-3 0  9990
2 22314  13.1524  32.9443 0004786 332.5669  27.3485  1.00261127 81541
INTELSAT 701 (IS-701)   
1 22871U 93066A   15112.08301828 -.00000238  00000-0  00000+0 0  9997
2 22871   2.6839  71.4579 0004080 325.7720 172.9569  1.00270864 78553
NATO 4B                 
1 22921U 93076A   15113.65950243  .00000117  00000-0  00000+0 0  9994
2 22921  11.5551  30.8656 0002197 339.7893 110.6197  1.00277786 78294
INTELSAT 702 (IS-702)   
1 23124U 94034A   15113.81195655  .00000132  00000-0  10000-3 0  9993
2 23124   3.0314  69.9062 0002037 287.8779 178.9434  1.00273214 90541
OPTUS B3                
1 23227U 94055A   15113.11486023  .00000000  00000-0  10000-3 0  9999
2 23227   6.1014  56.4583 0003339 326.0032  33.8930  1.00268076 75597
ASTRA 1D                
1 23331U 94070A   15113.60731969 -.00000297  00000-0  00000+0 0  9992
2 23331   6.2878  55.5781 0004468 347.6287 319.1359  1.00272342 75380
BRASILSAT B2            
1 23536U 95016A   15113.14720144 -.00000305  00000-0  00000+0 0  9992
2 23536   5.9088  57.3680 0002049 325.5207 177.7687  1.00271205 73527
AMSC 1                  
1 23553U 95019A   15112.36904699 -.00000130  00000-0  00000+0 0  9992
2 23553   8.9692  47.3937 0004067 359.8923 192.3410  1.00271785 73341
TDRS 7                  
1 23613U 95035B   15111.76906042 -.00000215  00000-0  00000+0 0  9998
2 23613  14.4712  23.7957 0023803  12.8232 174.5261  1.00268685 72329
ASTRA 1E                
1 23686U 95055A   15113.52922590  .00000000  00000-0  10000-3 0  9998
2 23686   3.9819  65.7394 0008517 259.9166  99.9254  1.00273458 71343
ECHOSTAR 1              
1 23754U 95073A   15112.36967970 -.00000265  00000-0  10000-3 0  9990
2 23754   0.0462  74.1301 0001980 307.4064 244.4898  1.00270975 70594
ABS-1A                  
1 23768U 96003A   15113.37699911  .00000000  00000-0  10000-3 0  9994
2 23768   6.9622  53.6937 0004196   6.5247 353.3989  1.00266968 70566
INMARSAT 3-F1           
1 23839U 96020A   15113.43211760 -.00000011  00000-0  10000-3 0  9994
2 23839   2.4731  71.2501 0005265 321.0905  38.8478  1.00269522 69772
ASTRA 1F                
1 23842U 96021A   15113.82813397  .00000115  00000-0  00000+0 0  9995
2 23842   0.0618  45.2891 0003368 351.4606 157.4278  1.00271151 69669
MSAT M1                 
1 23846U 96022A   15112.86405532  .00000000  00000-0  10000-3 0  9999
2 23846   6.4782  55.2583 0004228 316.6494  43.2342  1.00268687 69606
PALAPA C2               
1 23864U 96030A   15113.18686203  .00000000  00000-0  10000-3 0  9990
2 23864   4.1262  64.2065 0001782  17.8839 342.0535  1.00264963 69331
INMARSAT 3-F2           
1 24307U 96053A   15113.20594035 -.00000147  00000-0  00000+0 0  9990
2 24307   1.0323  81.6722 0006235 304.1154 243.7679  1.00271251 68187
AMC-1 (GE-1)            
1 24315U 96054A   15113.36323869 -.00000125  00000-0  00000+0 0  9998
2 24315   0.0409  64.5490 0003089 324.6881 209.5857  1.00270650 68180
AFRICASAT-2 (MEASAT-2)  
1 24653U 96063B   15111.51737880 -.00000244  00000-0  00000+0 0  9992
2 24653   6.1996  56.0559 0003506 157.5227 329.9039  1.00274696 67526
EUTELSAT 48A            
1 24665U 96067A   15113.00529245  .00000097  00000-0  10000-3 0  9999
2 24665   4.9893  60.7840 0004836 321.7840 238.3319  1.00271687 67834
INMARSAT 3-F3           
1 24674U 96070A   15111.43492811  .00000016  00000-0  00000+0 0  9992
2 24674   1.8746  75.6656 0005264 304.2711 163.9444  1.00274254 67123
AMC-2 (GE-2)            
1 24713U 97002A   15113.15103321 -.00000250  00000-0  00000+0 0  9999
2 24713   2.8493  70.3198 0004930 307.9630 166.0977  1.00270467 17514
INTELSAT 26 (IS-26)     
1 24732U 97007A   15113.38684459  .00000000  00000-0  10000-3 0  9993
2 24732   6.1683  56.2851 0006414   3.2840 356.6384  1.00271628 66478
GALAXY 25 (G-25)        
1 24812U 97026A   15112.36929855 -.00000187  00000-0  00000+0 0  9994
2 24812   0.0561  71.8039 0002798 310.6040 227.5387  1.00270565 65505
INMARSAT 3-F4           
1 24819U 97027A   15113.22109605 -.00000310  00000-0  00000+0 0  9999
2 24819   4.3601  62.5421 0005330 317.5556 216.4461  1.00269911 65546
SUPERBIRD-A3            
1 24880U 97036A   15113.14020948  .00000000  00000-0  10000-3 0  9990
2 24880   5.3119  59.4669 0002847 305.4034  54.4905  1.00268020 64895
ABS-3                   
1 24901U 97042A   15113.61060677  .00000000  00000-0  10000-3 0  9996
2 24901   3.4114  68.2474 0003051 334.5244  25.4106  1.00270924 64694
INTELSAT 5 (IS-5)       
1 24916U 97046A   15113.79022891 -.00000162  00000-0  00000+0 0  9996
2 24916   1.9991  75.1181 0004899 325.1443 252.6982  1.00270964 64797
METEOSAT-7              
1 24932U 97049B   15113.77791478  .00000034  00000-0  00000+0 0  9996
2 24932   9.5976  44.8414 0008304 223.6302 280.9512  1.00270847 64608
AMC-3 (GE-3)            
1 24936U 97050A   15113.21982062  .00000174  00000-0  10000-3 0  9992
2 24936   0.0391 211.0500 0001550  94.0324 277.9923  1.00268623 64615
NSS-5                   
1 24957U 97053A   15113.05965170  .00000088  00000-0  00000+0 0  9990
2 24957   2.3052  73.4730 0002757 301.5720 267.6982  1.00273969 64393
ECHOSTAR 3              
1 25004U 97059A   15113.34770167 -.00000305  00000-0  10000-3 0  9990
2 25004   0.5451  82.1871 0001419 265.7000 286.5559  1.00270869 64306
JCSAT-1B                
1 25067U 97075A   15113.17559269  .00000000  00000-0  10000-3 0  9997
2 25067   4.1396  64.0638 0003200 354.2032   5.7237  1.00265225 63710
ASTRA 1G                
1 25071U 97076A   15113.88532009  .00000027  00000-0  00000+0 0  9998
2 25071   0.7295  79.1368 0003016 310.9366 200.0529  1.00272840 63700
BRASILSAT B3            
1 25152U 98006A   15112.52086493 -.00000193  00000-0  00000+0 0  9998
2 25152   2.5159  72.8726 0002663 301.8359 291.0411  1.00269839 63091
INMARSAT 3-F5           
1 25153U 98006B   15112.08437918  .00000116  00000-0  00000+0 0  9996
2 25153   1.0160  72.1661 0004443 309.4715 243.1792  1.00275205 63079
EUTELSAT 16B            
1 25237U 98013A   15112.35123411 -.00000047  00000-0  00000+0 0  9991
2 25237   2.8260  70.7885 0004131 348.5521  11.4015  0.98275211 63119
NSS-806                 
1 25239U 98014A   15113.40179319 -.00000303  00000-0  00000+0 0  9994
2 25239   0.0690  42.8217 0004382 341.7659 283.6788  1.00271778 62838
CHINASAT 5A (ZX 5A)     
1 25354U 98033A   15112.91470346 -.00000291  00000-0  10000-3 0  9993
2 25354   0.0251 131.1539 0002354 253.3145 297.4546  1.00269221 66405
THOR III                
1 25358U 98035A   15113.60293095 -.00000063  00000-0  10000-3 0  9997
2 25358   4.0369  64.2489 0001843 295.1724  64.7404  1.00270713 61874
INTELSAT 805 (IS-805)   
1 25371U 98037A   15113.29270097 -.00000310  00000-0  10000-3 0  9991
2 25371   0.0310  80.1041 0002763 316.7337 224.0490  1.00272274 61728
ASTRA 2A                
1 25462U 98050A   15113.08055209  .00000126  00000-0  00000+0 0  9999
2 25462   0.0361 147.9070 0001533 327.8552 152.2385  1.00272132 60946
INTELSAT 7 (IS-7)       
1 25473U 98052A   15113.20564027 -.00000166  00000-0  00000+0 0  9995
2 25473   1.5794  78.1394 0001684 291.2073 257.4097  1.00271875 60803
SIRIUS 3                
1 25492U 98056B   15111.99353389  .00000081  00000-0  00000+0 0  9996
2 25492   5.1229  60.1200 0001415 326.0103 232.5002  1.00275136 60643
AFRISTAR                
1 25515U 98063A   15113.19868677  .00000104  00000-0  00000+0 0  9991
2 25515   1.7736  70.9080 0004822 324.2134 268.3268  1.00274516 60336
INTELSAT 8 (IS-8)       
1 25522U 98065A   15112.49453032 -.00000055  00000-0  00000+0 0  9994
2 25522   0.0153 245.2051 0002059 121.7628 190.2699  1.00271560 60306
EUTELSAT 115 WEST A     
1 25558U 98070A   15113.39381424 -.00000049  00000-0  10000-3 0  9992
2 25558   1.5893  77.7024 0003695 301.0332 219.2154  1.00271997 60203
JCSAT-4A                
1 25630U 99006A   15113.42055638  .00000000  00000-0  10000-3 0  9998
2 25630   0.6886  83.9459 0001669  18.5082 341.9504  1.00266388 59161
SKYNET 4E               
1 25639U 99009B   15110.01541458  .00000007  00000-0  10000-3 0  9999
2 25639   9.2884  35.1173 0002589 330.4786 213.8576  1.00273974 59158
ASIASAT 3S              
1 25657U 99013A   15113.79234240 -.00000386  00000-0  00000+0 0  9996
2 25657   0.9129  81.9181 0001131 294.8286 238.2698  1.00268176 58980
ASTRA 1H                
1 25785U 99033A   15113.61671321 -.00000295  00000-0  00000+0 0  9995
2 25785   2.2908  73.6836 0001785 248.9164  43.1548  1.00271709 57956
TELKOM 1                
1 25880U 99042A   15113.61968606  .00000000  00000-0  10000-3 0  9994
2 25880   0.0198 116.0530 0002525 248.8889 177.4487  1.00263876 57520
ABS-7                   
1 25894U 99046A   15113.76819235 -.00000386  00000-0  10000-3 0  9990
2 25894   0.0470  86.0322 0001788 290.6378 227.4688  1.00272399 56327
GALAXY 27 (G-27)        
1 25922U 99052A   15110.85676853 -.00000027  00000-0  00000+0 0  9990
2 25922   1.6551  77.0388 0006912 344.5903 161.5993  1.00270870 57022
ABS-6                   
1 25924U 99053A   15113.86354338 -.00000143  00000-0  00000+0 0  9997
2 25924   0.0674  86.5644 0002268 296.1980 298.7019  1.00271161 57071
TELSTAR 12 (ORION 2)    
1 25949U 99059A   15111.13093438 -.00000144  00000-0  00000+0 0  9990
2 25949   0.0610  76.7556 0002473 318.7474 205.5060  1.00271574 56718
AMC-4 (GE-4)            
1 25954U 99060A   15112.83367899  .00000000  00000-0  10000-3 0  9996
2 25954   0.0426  75.1457 0005523  39.1388 329.3580  1.00265978 56644
GALAXY 11 (G-11)        
1 26038U 99071A   15113.29557667 -.00000310  00000-0  10000-3 0  9992
2 26038   0.0756 278.2897 0000372 327.7329  15.7924  1.00272046 56266
HISPASAT 1C             
1 26071U 00007A   15112.77255498  .00000000  00000-0  10000-3 0  9994
2 26071   0.0664  51.4086 0003311 309.5911  43.7717  1.00265290 55783
SUPERBIRD-B2            
1 26095U 00012A   15113.30692733  .00000000  00000-0  10000-3 0  9993
2 26095   0.0286  86.7286 0008163   6.6027  30.1261  1.00268548 55621
EXPRESS-A2              
1 26098U 00013A   15112.91163784 -.00000270  00000-0  10000-3 0  9992
2 26098   7.7722  50.9586 0014134 102.9252 169.9914  1.00266387 55326
ASIASTAR                
1 26107U 00016A   15112.79296087 -.00000356  00000-0  10000-3 0  9990
2 26107   0.0933  38.9744 0003946 352.0319 209.9550  1.00273767 55309
EUTELSAT 16C            
1 26243U 00019A   15113.89767559  .00000072  00000-0  00000+0 0  9992
2 26243   2.7608  70.5543 0002585 319.7721 158.9080  1.00272230 54980
EUTELSAT 36A            
1 26369U 00028A   15112.08464598  .00000131  00000-0  10000-3 0  9999
2 26369   0.0720  12.0009 0004052  36.7830 227.5808  1.00269794 54624
TDRS 8                  
1 26388U 00034A   15113.78472064 -.00000245  00000-0  00000+0 0  9994
2 26388   6.1029  63.3499 0002218 321.1509 198.6022  1.00274184 54346
ECHOSTAR 6              
1 26402U 00038A   15113.22079247 -.00000168  00000-0  00000+0 0  9994
2 26402   2.6751  71.4386 0001549 296.3698 186.4050  1.00270977 54093
INTELSAT 9 (IS-9)       
1 26451U 00043A   15113.31780115 -.00000293  00000-0  10000-3 0  9991
2 26451   1.9841  75.4209 0002998 293.7220 273.2119  1.00271263 54009
BRASILSAT B4            
1 26469U 00046A   15113.15974916 -.00000234  00000-0  10000-3 0  9994
2 26469   0.0631 107.5389 0002338 285.5486 151.2278  1.00269157 53797
NILESAT 102             
1 26470U 00046B   15113.07969069 -.00000082  00000-0  00000+0 0  9996
2 26470   0.0640  67.7696 0004750 301.4748 223.2249  1.00270003 53796
ASTRA 2B                
1 26494U 00054A   15113.92945484  .00000131  00000-0  00000+0 0  9994
2 26494   0.6135  78.7982 0002841 308.0153 190.7611  1.00273080 53406
AMC-7 (GE-7)            
1 26495U 00054B   15112.49601681  .00000072  00000-0  00000+0 0  9998
2 26495   0.0522  58.8722 0001979 344.5489 208.3454  1.00273159 53419
NSS-11 (AAP-1)          
1 26554U 00059A   15113.31552314  .00000000  00000-0  10000-3 0  9995
2 26554   0.0406  69.7274 0002024 263.0647 100.0179  1.00265690 53369
N-SAT-110 (JCSAT-110)   
1 26559U 00060A   15113.81754653 -.00000374  00000-0  10000-3 0  9992
2 26559   0.0045 304.4767 0000583 291.2110  20.2058  1.00269391 53298
AMC-6 (GE-6)            
1 26580U 00067A   15113.34743486 -.00000283  00000-0  10000-3 0  9992
2 26580   0.0382  59.7706 0002271 325.5613 238.7941  1.00271170 53143
INTELSAT 12 (IS-12)     
1 26590U 00068A   15113.45099029  .00000000  00000-0  10000-3 0  9999
2 26590   0.0105  74.2552 0002835 309.1897  35.0705  1.00266614 52968
INTELSAT 1R (IS-1R)     
1 26608U 00072A   15113.10179190 -.00000306  00000-0  00000+0 0  9999
2 26608   0.0153 293.5994 0000634 296.9178 326.9452  1.00271449 52836
ANIK F1                 
1 26624U 00076A   15113.22572531 -.00000098  00000-0  00000+0 0  9998
2 26624   0.0098 201.3550 0001255 232.8684 110.6629  1.00271528 52896
ASTRA 2D                
1 26638U 00081A   15113.90608412  .00000126  00000-0  00000+0 0  9993
2 26638   2.1353  73.8444 0000929 335.3127 156.5936  1.00273822 52619
AMC-8 (GE-8)            
1 26639U 00081B   15112.95137093  .00000000  00000-0  10000-3 0  9996
2 26639   0.0628  58.1898 0003156 325.5392  30.4311  1.00270220 52471
TURKSAT 2A              
1 26666U 01002A   15113.08087226  .00000122  00000-0  10000-3 0  9992
2 26666   0.0687  39.4145 0004681 347.9672 254.5173  1.00271398 52311
SKYNET 4F               
1 26695U 01005B   15111.23590648 -.00000266  00000-0  10000-3 0  9999
2 26695   7.8762  42.6756 0002910 319.0372 258.1925  1.00272906 52025
EUTELSAT 28A            
1 26719U 01011A   15112.08447066  .00000126  00000-0  10000-3 0  9996
2 26719   0.0683 347.1898 0003685  54.7429 226.7735  1.00274207 51727
XM-1 (ROLL)             
1 26761U 01018A   15112.64541106 -.00000047  00000-0  10000-3 0  9995
2 26761   0.1369 260.8972 0004092 319.1299 107.4258  1.00272525 51171
INTELSAT 10 (IS-10)     
1 26766U 01019A   15113.44723499  .00000000  00000-0  10000-3 0  9995
2 26766   0.0405  63.2108 0002677 333.2738  23.2419  1.00272983 51086
INTELSAT 901 (IS-901)   
1 26824U 01024A   15113.69912520  .00000000  00000-0  10000-3 0  9998
2 26824   0.0752  80.3167 0002401 307.1297  57.6166  1.00267073 50821
ASTRA 2C                
1 26853U 01025A   15113.08055209  .00000125  00000-0  00000+0 0  9999
2 26853   0.0575 306.3294 0003396  40.7265 280.9005  1.00271517 50761
ARTEMIS                 
1 26863U 01029A   15113.46953652  .00000000  00000-0  10000-3 0  9992
2 26863  11.7568  41.6777 0000438  12.1995 347.7342  1.00270289 51576
INTELSAT 902 (IS-902)   
1 26900U 01039A   15112.94650567  .00000000  00000-0  10000-3 0  9996
2 26900   0.0045 288.9449 0004001 151.4751 172.9865  1.00268858 49943
EUTELSAT 8 WEST A       
1 26927U 01042A   15112.11086481 -.00000091  00000-0  00000+0 0  9992
2 26927   0.0544 351.5107 0005056  38.1805 211.9992  1.00272410 49670
DIRECTV 4S              
1 26985U 01052A   15113.75000000 -.00000134  00000-0  00000+0 0  9999
2 26985   0.0006 240.5355 0002014 158.4272 341.0227  1.00263180 49168
INSAT-3C                
1 27298U 02002A   15112.88022152 -.00000101  00000-0  00000+0 0  9992
2 27298   0.1349  89.1413 0005533 324.9305 187.3914  1.00271616 48521
ECHOSTAR 7              
1 27378U 02006A   15113.36817640 -.00000024  00000-0  00000+0 0  9997
2 27378   0.0422  57.0754 0000716  40.2473 127.4769  1.00272775 48222
INTELSAT 904 (IS-904)   
1 27380U 02007A   15112.63938494  .00000025  00000-0  10000-3 0  9996
2 27380   0.0347  51.4337 0002747 340.7141 108.3822  1.00272695 48254
TDRS 9                  
1 27389U 02011A   15112.16309977 -.00000224  00000-0  10000-3 0  9998
2 27389   3.6153  91.3939 0006398 234.7655 270.3075  1.00469346 49595
JCSAT-2A                
1 27399U 02015A   15112.49412631 -.00000190  00000-0  00000+0 0  9998
2 27399   0.0240 136.5536 0001597 267.7447 137.7828  1.00270302 47839
ASTRA 3A                
1 27400U 02015B   15113.60936512  .00000049  00000-0  00000+0 0  9996
2 27400   2.3095  72.6564 0001315 299.3373 241.8850  1.00274909 47876
INTELSAT 903 (IS-903)   
1 27403U 02016A   15110.35807103 -.00000263  00000-0  00000+0 0  9991
2 27403   0.0591  59.3989 0003374 330.7044 272.3931  1.00269457 47815
NSS-7                   
1 27414U 02019A   15112.08326984 -.00000179  00000-0  00000+0 0  9997
2 27414   0.2755  88.4873 0003121 293.9851 197.3050  1.00270711 47736
DIRECTV 5 (TEMPO 1)     
1 27426U 02023A   15113.30425127 -.00000083  00000-0  10000-3 0  9999
2 27426   0.0121 127.2759 0003356 279.5041 163.6889  1.00269905 47481
INTELSAT 905 (IS-905)   
1 27438U 02027A   15113.07924094 -.00000209  00000-0  00000+0 0  9992
2 27438   0.0133 275.9298 0002814  97.6751 201.2122  1.00270621 47151
EXPRESS-A4              
1 27441U 02029A   15113.18677237 -.00000137  00000-0  00000+0 0  9994
2 27441   4.6780  62.0722 0001677  36.4801 165.5760  1.00271095 47137
GALAXY 3C (G-3C)        
1 27445U 02030A   15112.84776400  .00000000  00000-0  10000-3 0  9997
2 27445   0.0020 136.6600 0001246 271.6136  12.4195  1.00267787 47110
EUTELSAT 5 WEST A       
1 27460U 02035A   15113.76582525 -.00000066  00000-0  10000-3 0  9997
2 27460   0.0510   4.5813 0004809  20.8519  96.6988  1.00271641 46912
N-STAR C                
1 27461U 02035B   15113.22973044  .00000000  00000-0  10000-3 0  9996
2 27461   3.1445  69.6592 0005280 355.8016   4.1528  1.00264438 46838
EUTELSAT 8 WEST C       
1 27499U 02038A   15111.19464848 -.00000085  00000-0  00000+0 0  9990
2 27499   0.0559 342.7364 0004319  62.1329 226.6772  1.00276405 46356
ECHOSTAR 8              
1 27501U 02039A   15113.46637652 -.00000266  00000-0  10000-3 0  9998
2 27501   0.0062 251.0080 0002384 126.9903 284.1666  1.00270785 46438
EUTELSAT 12 WEST A      
1 27508U 02040A   15113.09128264 -.00000124  00000-0  00000+0 0  9998
2 27508   0.0664 328.0405 0002337 122.9319 140.2220  1.00271537 46405
METEOSAT-8 (MSG-1)      
1 27509U 02040B   15113.57299380  .00000000  00000-0  10000-3 0  9997
2 27509   3.4409  61.2723 0000533 208.2650 151.6471  1.00265945 46401
INTELSAT 906 (IS-906)   
1 27513U 02041A   15110.14551604 -.00000010  00000-0  00000+0 0  9990
2 27513   0.0235 308.2171 0002762  87.0444 289.1661  1.00271930 46170
KODAMA (DRTS)           
1 27516U 02042B   15113.34805738  .00000000  00000-0  10000-3 0  9992
2 27516   3.5861  66.9738 0006239  24.5436 335.4289  1.00263215 46238
KALPANA-1 (METSAT 1)    
1 27525U 02043A   15112.58118449 -.00000102  00000-0  00000+0 0  9993
2 27525   4.9794  60.8947 0011484 217.7468 214.8461  1.00271841 46205
HISPASAT 1D             
1 27528U 02044A   15113.30673081  .00000000  00000-0  10000-3 0  9997
2 27528   0.0194 339.1659 0006417  34.4790 277.7828  1.00265216 44036
EUTELSAT 33B            
1 27554U 02051A   15111.73672720  .00000131  00000-0  10000-3 0  9993
2 27554   0.0067 201.9613 0000231 232.9145  72.9389  1.00275839 45510
TDRS 10                 
1 27566U 02055A   15113.07091363  .00000000  00000-0  10000-3 0  9992
2 27566   3.6322  62.0112 0006649 228.7809 131.0813  1.00266666 45398
NSS-6                   
1 27603U 02057A   15112.03551713 -.00000294  00000-0  10000-3 0  9997
2 27603   0.0579  83.6692 0001663 263.2140 330.6629  1.00269916 45269
NIMIQ 2                 
1 27632U 02062A   15113.38822227 -.00000275  00000-0  00000+0 0  9999
2 27632   0.3755  86.3729 0002758 285.1720 295.6276  1.00524607 45072
INTELSAT 907 (IS-907)   
1 27683U 03007A   15110.09168609 -.00000227  00000-0  00000+0 0  9994
2 27683   0.0515  53.7562 0003451 337.1157 182.4776  1.00270935 44546
INSAT-3A                
1 27714U 03013A   15113.05727308 -.00000282  00000-0  00000+0 0  9993
2 27714   0.1020  90.2756 0005079 333.9567 260.6329  1.00272116 44109
GALAXY 12 (G-12)        
1 27715U 03013B   15113.01831328  .00000035  00000-0  10000-3 0  9998
2 27715   0.0708  95.3706 0001282 301.8709  51.0835  1.00272973 44168
ASIASAT 4               
1 27718U 03014A   15113.75567058 -.00000383  00000-0  00000+0 0  9991
2 27718   0.0551  69.3036 0000561  75.8528 100.4676  1.00271649 44093
HELLAS-SAT 2            
1 27811U 03020A   15110.78659392  .00000128  00000-0  00000+0 0  9991
2 27811   0.0480  71.0791 0004004 313.2945 146.3170  1.00273322 43529
AMC-9 (GE-12)           
1 27820U 03024A   15112.39546587 -.00000240  00000-0  00000+0 0  9991
2 27820   0.0205   7.5668 0002714  15.7226 246.1984  1.00271549 43489
THURAYA-2               
1 27825U 03026A   15113.36114568  .00000121  00000-0  10000-3 0  9998
2 27825   4.1975  25.3476 0005034 358.2667   1.5502  1.00273684 43199
OPTUS C1                
1 27831U 03028B   15113.40566927  .00000000  00000-0  10000-3 0  9998
2 27831   0.0346 117.2453 0002523 281.1139 114.7715  1.00266876 43498
ECHOSTAR 12 (RAINBOW 1) 
1 27852U 03033A   15112.13109745 -.00000307  00000-0  00000+0 0  9993
2 27852   0.0518  72.2194 0001642 274.8632 208.6475  1.00271788 43137
GALAXY 23 (G-23)        
1 27854U 03034A   15113.59346572 -.00000011  00000-0  00000+0 0  9990
2 27854   0.0142 271.3504 0002755 109.6936 282.9113  1.00272565 42796
EUTELSAT 33A            
1 27948U 03043A   15112.08452402  .00000130  00000-0  10000-3 0  9993
2 27948   0.8005  80.2579 0000095 359.6216 191.1662  1.00274183 42471
GALAXY 13 (HORIZONS-1)  
1 27954U 03044A   15111.43645270  .00000023  00000-0  00000+0 0  9992
2 27954   0.0062  20.6958 0000823  85.3695 133.2158  1.00272847 42343
YAMAL 202               
1 28089U 03053A   15113.01649150  .00000000  00000-0  10000-3 0  9999
2 28089   0.0150 293.2659 0004191 156.5142 175.9606  1.00274827 41842
AMOS-2                  
1 28132U 03059A   15113.76582525 -.00000057  00000-0  00000+0 0  9996
2 28132   0.0472 114.2470 0002466 306.2765  62.6624  1.00274639 41550
EXPRESS-AM22 (SESAT 2)  
1 28134U 03060A   15113.62114006  .00000074  00000-0  10000-3 0  9993
2 28134   0.0183 304.5157 0001255 156.9031  26.5161  1.00273595 41474
AMC-10 (GE-10)          
1 28154U 04003A   15113.37868931  .00000064  00000-0  10000-3 0  9997
2 28154   0.0453  59.6333 0002044 323.1377 189.6197  1.00268240 41097
ABS-2I                  
1 28184U 04007A   15112.82294249  .00000000  00000-0  10000-3 0  9998
2 28184   0.0197 166.5490 0001540 302.9617  98.2559  1.00269660 40700
EUTELSAT 7A             
1 28187U 04008A   15112.77409212  .00000023  00000-0  00000+0 0  9994
2 28187   0.0731  18.4237 0002636  20.2518  97.4758  1.00272055 40735
DIRECTV 7S              
1 28238U 04016A   15113.53772753 -.00000023  00000-0  00000+0 0  9999
2 28238   0.0370  16.6846 0002923  20.6692 248.4167  1.00273171 40241
AMC-11 (GE-11)          
1 28252U 04017A   15112.36573587  .00000045  00000-0  00000+0 0  9993
2 28252   0.0384  41.3867 0002471 348.1993 181.1484  1.00271477 39925
INTELSAT 10-02          
1 28358U 04022A   15112.77391679 -.00000035  00000-0  10000-3 0  9996
2 28358   0.0046 198.2770 0001879 263.0302  26.8106  1.00271761 39788
APSTAR 5 (TELSTAR 18)   
1 28364U 04024A   15110.45355834 -.00000319  00000-0  00000+0 0  9991
2 28364   0.0606  73.0971 0002526 301.1418 135.2509  1.00269544 39690
ANIK F2                 
1 28378U 04027A   15113.16419289 -.00000074  00000-0  10000-3 0  9998
2 28378   0.0356   4.6163 0000288 212.2410 302.0475  1.00271783 39512
AMAZONAS 1              
1 28393U 04031A   15113.22216381 -.00000310  00000-0  00000+0 0  9993
2 28393   0.1316  85.9363 0001860 328.5741 181.0506  1.00270267 39285
AMC-15                  
1 28446U 04041A   15110.54695221 -.00000113  00000-0  10000-3 0  9995
2 28446   0.0557  44.7582 0002351 333.5839 281.8204  1.00272136 38523
AMC-16                  
1 28472U 04048A   15112.36949675 -.00000230  00000-0  10000-3 0  9998
2 28472   0.0516  56.1770 0002073 315.7647 246.1693  1.00270111 37967
NSS-10 (AMC-12)         
1 28526U 05003A   15112.16937175 -.00000275  00000-0  10000-3 0  9999
2 28526   0.0323 358.2698 0002548  49.9495 185.2439  1.00271556 37462
XTAR-EUR                
1 28542U 05005A   15113.08057495  .00000127  00000-0  00000+0 0  9999
2 28542   0.0508  76.9463 0001903 286.9735 264.8709  1.00272540 37337
HIMAWARI-6 (MTSAT-1R)   
1 28622U 05006A   15113.64631735 -.00000304  00000-0  00000+0 0  9994
2 28622   0.0886  83.5926 0003904 304.2866 196.1163  1.00272336 37171
XM-3 (RHYTHM)           
1 28626U 05008A   15111.49833874 -.00000230  00000-0  10000-3 0  9992
2 28626   0.0230 103.3964 0000577 171.6703  28.4650  1.00270219 37200
INMARSAT 4-F1           
1 28628U 05009A   15113.48849625 -.00000284  00000-0  10000-3 0  9996
2 28628   2.7609   0.9676 0002487  26.3687 143.2086  1.00270500 36843
EXPRESS-AM2             
1 28629U 05010A   15113.42395058  .00000000  00000-0  10000-3 0  9994
2 28629   0.7422  83.3669 0002279 164.5385 195.8670  1.00267997 36872
APSTAR 6                
1 28638U 05012A   15113.43528300  .00000000  00000-0  10000-3 0  9995
2 28638   0.0397 112.2199 0002168 278.0124 111.5121  1.00262061 61573
SPACEWAY 1              
1 28644U 05015A   15113.36323970 -.00000126  00000-0  00000+0 0  9998
2 28644   0.0018 203.5946 0000263  92.0442 303.2710  1.00271205 36672
DIRECTV 8               
1 28659U 05019A   15111.43713115 -.00000140  00000-0  00000+0 0  9994
2 28659   0.0146 348.4988 0003423  37.0822 240.1160  1.00271821 36321
GALAXY 28 (G-28)        
1 28702U 05022A   15110.44412916 -.00000210  00000-0  00000+0 0  9990
2 28702   0.0118 318.8644 0001261 229.3042  90.9025  1.00271434 36003
EXPRESS-AM3             
1 28707U 05023A   15112.89627679  .00000000  00000-0  10000-3 0  9992
2 28707   0.0120 336.8251 0001168  65.7169 233.6787  1.00263624 35993
THAICOM 4               
1 28786U 05028A   15113.74003149  .00000000  00000-0  10000-3 0  9999
2 28786   0.0179 226.9421 0002935 169.3053 201.0745  1.00263428 35498
GALAXY 14 (G-14)        
1 28790U 05030A   15112.33880684  .00000012  00000-0  10000-3 0  9991
2 28790   0.0249  57.8758 0002169 305.9062 203.2456  1.00272108 35456
ANIK F1R                
1 28868U 05036A   15112.32259050 -.00000099  00000-0  00000+0 0  9990
2 28868   0.0552  82.8503 0003386 300.5959 195.4337  1.00271827 35304
GALAXY 15 (G-15)        
1 28884U 05041A   15110.44303907  .00000055  00000-0  00000+0 0  9997
2 28884   0.0570  55.5255 0000882 311.6340 227.5153  1.00270697 34797
SYRACUSE 3A             
1 28885U 05041B   15113.59153716  .00000105  00000-0  00000+0 0  9994
2 28885   0.0122  52.2835 0002604 330.7685  88.2177  1.00274761 34948
INMARSAT 4-F2           
1 28899U 05044A   15113.08048348  .00000113  00000-0  00000+0 0  9999
2 28899   2.4339   0.9110 0002123  38.5801 225.3559  1.00273252 34665
TELKOM 2                
1 28902U 05046A   15113.78979168 -.00000386  00000-0  00000+0 0  9999
2 28902   0.0205 161.3136 0001369 227.7386 224.7627  1.00274404 34486
SPACEWAY 2              
1 28903U 05046B   15113.59709082 -.00000150  00000-0  00000+0 0  9994
2 28903   0.0286  10.3206 0000288 273.3796  43.4778  1.00271272 34650
INSAT-4A                
1 28911U 05049A   15111.82623633 -.00000189  00000-0  00000+0 0  9999
2 28911   0.0628 105.5617 0000830  28.2085  96.2188  1.00269448 34230
METEOSAT-9 (MSG-2)      
1 28912U 05049B   15112.77415310  .00000038  00000-0  00000+0 0  9998
2 28912   0.7240  53.5227 0001064 298.4312 146.6286  1.00265846 34250
EUTELSAT 172A (GE-23)   
1 28924U 05052A   15113.57143309 -.00000030  00000-0  10000-3 0  9998
2 28924   0.0652 351.1871 0005240  38.6677 199.1382  1.00273052 34149
ECHOSTAR 10             
1 28935U 06003A   15113.23139769 -.00000079  00000-0  10000-3 0  9998
2 28935   0.0506  59.1785 0001007 346.5590 138.2838  1.00271444 33670
HIMAWARI-7 (MTSAT-2)    
1 28937U 06004A   15112.75030941  .00000000  00000-0  10000-3 0  9992
2 28937   0.0230 283.5242 0003463 104.6429 237.4196  1.00270562 33555
SPAINSAT                
1 28945U 06007A   15112.64135491  .00000000  00000-0  10000-3 0  9998
2 28945   0.0054 135.6776 0002591 229.9100  45.6347  1.00264920 32349
EUTELSAT 9A             
1 28946U 06007B   15113.08009471  .00000038  00000-0  10000-3 0  9997
2 28946   0.0716  69.8205 0003904 269.0969 269.7412  1.00274112 33467
JCSAT-5A                
1 29045U 06010A   15112.72977294  .00000000  00000-0  10000-3 0  9998
2 29045   0.0024 238.1164 0002399 159.8930 207.1322  1.00263246 33008
ASTRA 1KR               
1 29055U 06012A   15113.00809800  .00000096  00000-0  00000+0 0  9990
2 29055   0.0368 282.8421 0001480  40.5236 269.4773  1.00274105 32935
GOES 13                 
1 29155U 06018A   15113.45733573 -.00000275  00000-0  00000+0 0  9999
2 29155   0.2944 265.9018 0004483 160.7694 234.5060  1.00272913 32679
EUTELSAT 113 WEST A     
1 29162U 06020A   15113.61681319 -.00000061  00000-0  00000+0 0  9991
2 29162   0.0173 275.4825 0002775 114.5561 290.3334  1.00272037 32630
THAICOM 5               
1 29163U 06020B   15112.95331146  .00000000  00000-0  10000-3 0  9995
2 29163   0.0245 294.3480 0005114  15.9168 322.1038  1.00268065 32670
GALAXY 16 (G-16)        
1 29236U 06023A   15113.18385847 -.00000151  00000-0  10000-3 0  9990
2 29236   0.0092 228.2914 0003022 164.7617 145.0261  1.00271242 32421
EUTELSAT HOT BIRD 13B   
1 29270U 06032A   15113.22298993  .00000000  00000-0  10000-3 0  9990
2 29270   0.0761 317.3650 0005054  45.1002 301.7690  1.00271437 31811
JCSAT-3A                
1 29272U 06033A   15112.87806347  .00000000  00000-0  10000-3 0  9991
2 29272   0.0157  20.5571 0001501 324.2797 309.8521  1.00265218 31915
SYRACUSE 3B             
1 29273U 06033B   15113.76582525 -.00000068  00000-0  10000-3 0  9995
2 29273   0.0079 359.9993 0003817 353.3479 128.6164  1.00271221 31919
KOREASAT 5 (MUGUNGWHA 5)
1 29349U 06034A   15113.16441628  .00000000  00000-0  10000-3 0  9997
2 29349   0.0184  73.1903 0000650 250.8262  59.1134  1.00267167 31716
ZHONGXING-22A           
1 29398U 06038A   15113.30717451  .00000000  00000-0  10000-3 0  9991
2 29398   4.3865  63.0600 0002311  44.3484 315.5977  1.00263095 31577
DIRECTV 9S              
1 29494U 06043A   15113.24890157 -.00000138  00000-0  00000+0 0  9990
2 29494   0.0130 160.4732 0003304 219.7060 179.2863  1.00271460 31261
OPTUS D1                
1 29495U 06043B   15113.62650839 -.00000134  00000-0  10000-3 0  9995
2 29495   0.0576  38.2383 0002838 342.0285 216.6090  1.00271612 31302
XM-4 (BLUES)            
1 29520U 06049A   15112.64533461 -.00000047  00000-0  00000+0 0  9990
2 29520   0.0416  71.9818 0000359 183.9857  71.4853  1.00271847 31140
BADR-4                  
1 29526U 06051A   15113.84513531  .00000121  00000-0  10000-3 0  9995
2 29526   0.0566 315.2848 0005883  22.4459 204.0975  1.00274849 31055
FENGYUN 2D              
1 29640U 06053A   15113.74332545 -.00000222  00000-0  10000-3 0  9990
2 29640   2.9792  68.4816 0001970 126.0316  10.9855  1.00277520 30725
WILDBLUE-1              
1 29643U 06054A   15113.16131287 -.00000073  00000-0  10000-3 0  9994
2 29643   0.0533 111.6084 0001504 275.0958 131.0681  1.00272092 30707
AMC-18                  
1 29644U 06054B   15112.58791297 -.00000114  00000-0  10000-3 0  9999
2 29644   0.0791  62.7086 0002730 320.9505 293.3518  1.00271801 30700
MEASAT-3                
1 29648U 06056A   15113.53986244  .00000128  00000-0  10000-3 0  9993
2 29648   0.0741 122.2484 0001755 307.2789  67.5729  1.00268510 30743
KIKU-8 (ETS-VIII)       
1 29656U 06059A   15113.18778968  .00000000  00000-0  10000-3 0  9997
2 29656   4.1254  64.2611 0005988 326.2788  33.6145  1.00264494 30591
INSAT-4B                
1 30793U 07007A   15113.48937429  .00000000  00000-0  10000-3 0  9997
2 30793   0.0701 107.3167 0002722 271.3463 102.1257  1.00263892 29084
SKYNET 5A               
1 30794U 07007B   15113.08069235  .00000017  00000-0  00000+0 0  9998
2 30794   0.0720   0.0076 0003146  34.1992 211.6314  1.00273381 29834
ANIK F3                 
1 31102U 07009A   15113.53787860 -.00000025  00000-0  00000+0 0  9995
2 31102   0.0027 211.6900 0001087 187.5158 246.9730  1.00270443 29494
ASTRA 1L                
1 31306U 07016A   15114.00000000  .00000097  00000-0  00000+0 0  9994
2 31306   0.0840 294.3140 0003937  42.2380 254.3610  1.00274561 29212
GALAXY 17 (G-17)        
1 31307U 07016B   15111.57264472 -.00000199  00000-0  00000+0 0  9993
2 31307   0.0420  50.1663 0002350 345.7353 288.5664  1.00272019 29218
ZHONGXING-6B            
1 31800U 07031A   15113.76819235 -.00000385  00000-0  10000-3 0  9996
2 31800   0.0055 299.4305 0002308  65.2292 238.8993  1.00272615 28630
DIRECTV 10              
1 31862U 07032A   15113.36323852 -.00000127  00000-0  00000+0 0  9995
2 31862   0.0342  56.5346 0000312 241.7767 300.7255  1.00271873 28562
SPACEWAY 3              
1 32018U 07036A   15113.84890921  .00000000  00000-0  10000-3 0  9996
2 32018   0.0502  64.0054 0000889 194.4558 163.7262  1.00267611 28284
BSAT-3A                 
1 32019U 07036B   15113.81754653 -.00000374  00000-0  10000-3 0  9990
2 32019   0.0308 164.6656 0001103 106.5514 344.4842  1.00271114 28229
INSAT-4CR               
1 32050U 07037A   15112.88022152 -.00000101  00000-0  00000+0 0  9997
2 32050   0.0573  94.3276 0005493 198.0946 309.0110  1.00271867 28002
OPTUS D2                
1 32252U 07044A   15111.22096031 -.00000208  00000-0  00000+0 0  9991
2 32252   0.0475  67.3722 0002827 322.3721  50.7787  1.00271218 27610
INTELSAT 11 (IS-11)     
1 32253U 07044B   15113.24420995 -.00000293  00000-0  10000-3 0  9995
2 32253   0.0020 277.0421 0002530 118.8404 219.9778  1.00270381 27686
STAR ONE C1             
1 32293U 07056A   15112.36996175 -.00000301  00000-0  00000+0 0  9997
2 32293   0.0760 273.0307 0001251 125.1853 240.0585  1.00273708 27281
SKYNET 5B               
1 32294U 07056B   15111.77833073  .00000115  00000-0  00000+0 0  9991
2 32294   0.0575 348.8501 0003621  32.6383 132.5698  1.00273631 27360
ASTRA 4A (SIRIUS 4)     
1 32299U 07057A   15113.59236587  .00000000  00000-0  10000-3 0  9994
2 32299   0.0446  68.2155 0003050 329.2654  31.9157  1.00271420 27122
HORIZONS-2              
1 32388U 07063B   15113.42254404  .00000000  00000-0  10000-3 0  9990
2 32388   0.0306  74.0436 0003701 347.9730  25.9867  1.00265494 27044
THURAYA-3               
1 32404U 08001A   15113.10311618  .00000000  00000-0  10000-3 0  9998
2 32404   4.4024 346.7311 0004688  18.2770 341.5099  1.00263351 26634
EXPRESS-AM33            
1 32478U 08003A   15112.57438009 -.00000304  00000-0  10000-3 0  9993
2 32478   0.0234 322.9061 0001033 124.3625  66.2816  1.00269350 26786
THOR 5                  
1 32487U 08006A   15112.10933819 -.00000034  00000-0  00000+0 0  9999
2 32487   0.0075 261.3805 0002196 139.5080 207.5563  1.00272715 26323
KIZUNA (WINDS)          
1 32500U 08007A   15113.61154590  .00000000  00000-0  10000-3 0  9991
2 32500   0.0108 129.7858 0003752 255.0311 189.5996  1.00264255 26229
AMC-14                  
1 32708U 08011A   15110.00164076  .00000130  00000-0  00000+0 0  9995
2 32708  17.6213  75.4580 0052460 355.6488 166.7337  1.00273248 27253
DIRECTV 11              
1 32729U 08013A   15113.18386154 -.00000150  00000-0  00000+0 0  9998
2 32729   0.0276 116.2133 0000214 130.6988 290.9873  1.00271216 26094
ICO G1                  
1 32763U 08016A   15113.27844659 -.00000197  00000-0  00000+0 0  9999
2 32763   4.1724 346.6918 0002685  42.1257 189.5543  1.00271298 25653
VINASAT-1               
1 32767U 08018A   15113.06025248  .00000000  00000-0  10000-3 0  9994
2 32767   0.0184  87.2202 0004896 357.2607 279.8651  1.00264155 25760
STAR ONE C2             
1 32768U 08018B   15110.09056551 -.00000289  00000-0  00000+0 0  9991
2 32768   0.0192 215.9031 0002836 208.4348 106.0922  1.00269539 25720
TIANLIAN 1-01           
1 32779U 08019A   15112.80684976 -.00000159  00000-0  10000-3 0  9994
2 32779   1.2133  79.6470 0033524 221.0350 280.2967  1.00270139 25625
AMOS-3                  
1 32794U 08022A   15112.93395341  .00000000  00000-0  10000-3 0  9998
2 32794   0.0333 148.9078 0002446 189.9378 204.0675  1.00270119 25602
GALAXY 18 (G-18)        
1 32951U 08024A   15110.44329825  .00000001  00000-0  00000+0 0  9999
2 32951   0.0242 205.1870 0002328 196.8580 202.7272  1.00271772 25247
CHINASAT 9 (ZX 9)       
1 33051U 08028A   15112.89351690  .00000000  00000-0  10000-3 0  9995
2 33051   0.0086 313.7737 0004368 103.1947 207.4629  1.00265663 25168
SKYNET 5C               
1 33055U 08030A   15111.36595263 -.00000164  00000-0  00000+0 0  9996
2 33055   0.0743   3.4246 0002763  49.1376 270.4874  1.00271585 25063
TURKSAT 3A              
1 33056U 08030B   15112.08477919  .00000122  00000-0  00000+0 0  9997
2 33056   0.0655 123.9843 0005088 299.8510 218.4699  1.00272184 25225
INTELSAT 25 (IS-25)     
1 33153U 08034A   15111.08772214 -.00000249  00000-0  00000+0 0  9995
2 33153   0.0065 351.3120 0001905  10.9070 206.6850  1.00270523 24817
BADR-6                  
1 33154U 08034B   15113.84513539  .00000121  00000-0  00000+0 0  9993
2 33154   0.0682  40.0663 0005449 354.4320 147.2716  1.00272313 24931
ECHOSTAR 11             
1 33207U 08035A   15112.36887929 -.00000081  00000-0  10000-3 0  9997
2 33207   0.0502  61.6547 0002867 329.3161 201.9218  1.00271513 24808
SUPERBIRD-C2            
1 33274U 08038A   15112.75402027  .00000000  00000-0  10000-3 0  9999
2 33274   0.0127 300.3003 0001636 123.3350 202.2117  1.00266216 24536
AMC-21                  
1 33275U 08038B   15113.47172170  .00000012  00000-0  10000-3 0  9996
2 33275   0.0218  36.5133 0001794 349.3624 230.2244  1.00273326 24621
INMARSAT 4-F3           
1 33278U 08039A   15113.37732126 -.00000164  00000-0  00000+0 0  9996
2 33278   3.0128 353.8730 0002092  52.6290 202.4117  1.00271191 24437
NIMIQ 4                 
1 33373U 08044A   15113.34717568 -.00000245  00000-0  00000+0 0  9998
2 33373   0.0032  34.1394 0002422 331.6920 248.2058  1.00273210 24050
GALAXY 19 (G-19)        
1 33376U 08045A   15110.62324477 -.00000164  00000-0  00000+0 0  9993
2 33376   0.0125 176.1679 0003362 205.9143 313.6495  1.00270895 24028
VENESAT-1               
1 33414U 08055A   15113.10239828 -.00000262  00000-0  00000+0 0  9997
2 33414   0.0007  30.9375 0000499 308.7852 189.9371  1.00274028 23755
ASTRA 1M                
1 33436U 08057A   15114.00000000  .00000096  00000-0  00000+0 0  9995
2 33436   0.0030 260.7260 0002460 172.7110 157.4470  1.00271448 23660
CIEL-2                  
1 33453U 08063A   15113.02402998  .00000034  00000-0  10000-3 0  9991
2 33453   0.0044 312.1231 0002528  88.0165  50.3844  1.00272325 23322
EUTELSAT HOT BIRD 13C   
1 33459U 08065A   15113.21605922  .00000000  00000-0  10000-3 0  9995
2 33459   0.0295 336.4856 0005195  51.2400 274.0300  1.00272261 21661
EUTELSAT 48D            
1 33460U 08065B   15113.12545569  .00000100  00000-0  00000+0 0  9993
2 33460   0.0762  47.5315 0001455 347.3742 269.1775  1.00271926 23261
FENGYUN 2E              
1 33463U 08066A   15112.90881669 -.00000354  00000-0  00000+0 0  9998
2 33463   2.5018  58.6606 0002920 155.5565  67.8938  1.00278355 23246
EXPRESS-AM44            
1 33595U 09007A   15113.32482126 -.00000113  00000-0  00000+0 0  9995
2 33595   0.0292 343.1864 0001453 119.3679 214.4236  1.00272083 22715
NSS-9                   
1 33749U 09008A   15113.60936512  .00000048  00000-0  10000-3 0  9992
2 33749   0.0291  55.0599 0001886 319.3621 239.2514  1.00273232 22720
EUTELSAT HOT BIRD 13D   
1 33750U 09008B   15113.17429259  .00000000  00000-0  10000-3 0  9999
2 33750   0.0610 299.2019 0002670  30.7840 316.6416  1.00269787 22759
TELSTAR 11N             
1 34111U 09009A   15113.15910671 -.00000275  00000-0  10000-3 0  9998
2 34111   0.0130 233.0406 0002361 127.5244 230.0296  1.00270995 22572
RADUGA-1 8              
1 34264U 09010A   15105.11178005  .00000064  00000-0  10000-3 0  9998
2 34264   4.1728  77.0449 0001614 315.2638 223.2206  1.00275969 22420
EUTELSAT 10A            
1 34710U 09016A   15112.08402852  .00000044  00000-0  00000+0 0  9997
2 34710   0.0691 359.3353 0004436  31.5891 219.1389  1.00273937 22142
SES-7 (PROTOSTAR 2)     
1 34941U 09027A   15113.48765010 -.00000369  00000-0  10000-3 0  9994
2 34941   0.0856  72.2848 0001229 236.0953 186.6096  1.00269698 21791
MEASAT-3A               
1 35362U 09032A   15113.80722968 -.00000265  00000-0  00000+0 0  9999
2 35362   0.0227 212.5524 0000197 254.3408 126.7151  1.00272491 21402
GOES 14                 
1 35491U 09033A   15113.39533281 -.00000116  00000-0  00000+0 0  9990
2 35491   0.1417 101.2784 0000920  36.2337 111.5157  1.00270796 21326
SIRIUS FM-5             
1 35493U 09034A   15113.36987177  .00000000  00000-0  10000-3 0  9993
2 35493   0.0048 255.1272 0001767  47.9290 305.1426  1.00266989 21177
TERRESTAR-1             
1 35496U 09035A   15113.16131697 -.00000083  00000-0  00000+0 0  9990
2 35496   3.5779 332.4851 0002616  58.9780 126.4752  1.00271858 21314
ASIASAT 5               
1 35696U 09042A   15113.74813361  .00000000  00000-0  10000-3 0  9992
2 35696   0.0115 172.9310 0001751 150.4476 257.7653  1.00261961 20858
JCSAT-RA (JCSAT-12)     
1 35755U 09044A   15113.15702937  .00000000  00000-0  10000-3 0  9991
2 35755   0.0778  43.1557 0001028 331.4955  20.6079  1.00262064999737
OPTUS D3                
1 35756U 09044B   15112.72314323 -.00000171  00000-0  00000+0 0  9997
2 35756   0.0586  44.0743 0003717 332.0010 250.7090  1.00272842 20782
PALAPA D                
1 35812U 09046A   15113.85655122 -.00000381  00000-0  10000-3 0  9990
2 35812   0.0077 353.9198 0002247 102.4650 176.4775  1.00269645 20840
NIMIQ 5                 
1 35873U 09050A   15113.34741962 -.00000281  00000-0  10000-3 0  9993
2 35873   0.0094  74.7017 0001007 309.7962 238.9084  1.00269980 20529
AMAZONAS 2              
1 35942U 09054A   15113.22006747 -.00000306  00000-0  00000+0 0  9999
2 35942   0.0493 108.2642 0002535 320.3813 160.4993  1.00269077 20364
COMSATBW-1              
1 35943U 09054B   15112.84879648  .00000000  00000-0  10000-3 0  9990
2 35943   0.0661  49.0138 0001978 342.8324 187.2710  1.00272450 20419
NSS-12                  
1 36032U 09058A   15110.00233446  .00000047  00000-0  00000+0 0  9996
2 36032   0.0174 111.6008 0002574 259.6600 254.3444  1.00273343 20079
THOR 6                  
1 36033U 09058B   15112.10933819 -.00000035  00000-0  10000-3 0  9994
2 36033   0.0147 163.5305 0001348 215.0159 229.7992  1.00271113 20111
INTELSAT 14 (IS-14)     
1 36097U 09064A   15113.39276631 -.00000298  00000-0  00000+0 0  9991
2 36097   0.0197 283.9594 0002357 114.9011 268.6373  1.00270597 19868
EUTELSAT 36B            
1 36101U 09065A   15112.08463836  .00000131  00000-0  10000-3 0  9998
2 36101   0.0684 357.7563 0004215  32.1840 246.2673  1.00274637 19951
INTELSAT 15 (IS-15)     
1 36106U 09067A   15113.83694235 -.00000209  00000-0  10000-3 0  9995
2 36106   0.0105 293.6773 0002157  94.9379 209.3798  1.00271184 19762
DIRECTV 12              
1 36131U 09075A   15113.14107872 -.00000127  00000-0  10000-3 0  9991
2 36131   0.0049 179.7288 0000061  78.9385 260.2054  1.00271085 19540
BEIDOU G1               
1 36287U 10001A   15113.64776411 -.00000309  00000-0  10000-3 0  9992
2 36287   1.6224  10.9309 0003751 185.3235  28.1598  1.00265967 19333
RADUGA-1M 2             
1 36358U 10002A   15113.83694235 -.00000207  00000-0  10000-3 0  9993
2 36358   0.0185 261.3029 0002780 162.2295 174.2993  1.00271115 19179
SDO                     
1 36395U 10005A   15113.22983558 -.00000062  00000-0  00000+0 0  9993
2 36395  28.0885 154.7309 0001933 210.6448 186.2881  1.00273632 19209
INTELSAT 16 (IS-16)     
1 36397U 10006A   15112.36963396 -.00000258  00000-0  00000+0 0  9995
2 36397   0.0369  20.1172 0001885  22.5360 221.4897  1.00269579 18934
GOES 15                 
1 36411U 10008A   15113.37869163  .00000066  00000-0  00000+0 0  9999
2 36411   0.0685 126.3441 0002007 216.4082 229.3618  1.00266160 18843
ECHOSTAR 14             
1 36499U 10010A   15113.53787855 -.00000025  00000-0  00000+0 0  9999
2 36499   0.0222 263.2086 0003526 136.5460 246.2501  1.00279634 18693
SES-1                   
1 36516U 10016A   15111.28580694 -.00000139  00000-0  00000+0 0  9993
2 36516   0.0254  54.2249 0002884 320.5753 196.1168  1.00270703 18277
ASTRA 3B                
1 36581U 10021A   15113.77091843  .00000113  00000-0  00000+0 0  9991
2 36581   0.0843  46.4827 0003525 348.1834 117.8213  1.00271653 17968
COMSATBW-2              
1 36582U 10021B   15113.90375119  .00000065  00000-0  00000+0 0  9994
2 36582   0.0194 260.4997 0001629  74.0217 215.6540  1.00275697 18151
BEIDOU G3               
1 36590U 10024A   15113.81754653 -.00000378  00000-0  00000+0 0  9998
2 36590   1.5071  29.0929 0004916 299.9918 287.2328  1.00277490 17940
BADR-5                  
1 36592U 10025A   15112.95207523  .00000000  00000-0  10000-3 0  9990
2 36592   0.0158 182.8589 0001601 242.2072 154.3303  1.00268420 18077
COMS 1                  
1 36744U 10032A   15113.48812272 -.00000368  00000-0  10000-3 0  9997
2 36744   0.0492  58.2194 0000387 348.6663 108.2430  1.00270672 17814
ARABSAT-5A              
1 36745U 10032B   15112.08451639  .00000129  00000-0  00000+0 0  9998
2 36745   0.0574  11.8524 0002970  10.0105 248.8744  1.00274113 17788
ECHOSTAR 15             
1 36792U 10034A   15112.03110459 -.00000298  00000-0  10000-3 0  9992
2 36792   0.0667  61.2579 0001881 322.3915 152.2194  1.00272076 17547
BEIDOU IGSO 1           
1 36828U 10036A   15112.86724782 -.00000158  00000-0  10000-3 0  9990
2 36828  54.3200 201.3065 0039279 203.6789 235.2506  1.00250089 17371
NILESAT 201             
1 36830U 10037A   15112.11090069 -.00000082  00000-0  10000-3 0  9992
2 36830   0.0531 163.0408 0003594 230.9081 208.8084  1.00270887 17435
RASCOM-QAF 1R           
1 36831U 10037B   15112.77400065 -.00000006  00000-0  10000-3 0  9992
2 36831   0.0126 151.3380 0003586 223.5066 117.1854  1.00272780 17449
CHINASAT 6A (ZX 6A)     
1 37150U 10042A   15110.88766362 -.00000378  00000-0  00000+0 0  9995
2 37150   0.0188 218.4558 0002240 240.3844 194.3878  1.00268824 17033
XM-5                    
1 37185U 10053A   15112.44822714 -.00000229  00000-0  10000-3 0  9993
2 37185   0.0193 277.0362 0001333  49.7458 319.5322  1.00271058 16593
BSAT-3B                 
1 37207U 10056B   15113.72382045 -.00000374  00000-0  00000+0 0  9997
2 37207   0.0540 348.7074 0003849 355.5227 237.6411  1.00271061 16443
BEIDOU G4               
1 37210U 10057A   15113.62650839 -.00000135  00000-0  10000-3 0  9990
2 37210   0.9267  51.9389 0005497 155.8230  29.1211  1.00271670 16460
SKYTERRA 1              
1 37218U 10061A   15113.40781022 -.00000145  00000-0  10000-3 0  9999
2 37218   4.1762 324.5538 0005868 161.5188 130.5220  1.00271425 16383
ZHONGXING-20A           
1 37234U 10064A   15113.34886586  .00000000  00000-0  10000-3 0  9993
2 37234   0.0636  94.7644 0002966 338.3273  33.4966  1.00262838 16190
HYLAS 1                 
1 37237U 10065A   15110.35807103 -.00000259  00000-0  10000-3 0  9990
2 37237   0.0319 347.0680 0001358  47.8525 268.5501  1.00268815 16132
INTELSAT 17 (IS-17)     
1 37238U 10065B   15111.92259729 -.00000026  00000-0  00000+0 0  9997
2 37238   0.0007  74.8763 0002503 318.0930 214.8109  1.00272378 16092
BEIDOU IGSO 2           
1 37256U 10068A   15113.86384221 -.00000228  00000-0  10000-3 0  9990
2 37256  54.0461 320.3605 0030510 200.1180 120.4254  1.00257122 15964
EUTELSAT KA-SAT 9A      
1 37258U 10069A   15112.77413786  .00000037  00000-0  10000-3 0  9998
2 37258   0.0283 301.4367 0003095 161.4776  35.2565  1.00271879 15976
HISPASAT 1E             
1 37264U 10070A   15113.84096935 -.00000240  00000-0  00000+0 0  9991
2 37264   0.0574  96.2886 0003777 320.2189  67.8036  1.00271225 15835
KOREASAT 6              
1 37265U 10070B   15113.76819235 -.00000386  00000-0  00000+0 0  9990
2 37265   0.0072  18.3314 0001737  18.4993 207.1840  1.00270417 15859
ELEKTRO-L 1 (GOMS 2)    
1 37344U 11001A   15113.84468215 -.00000119  00000-0  10000-3 0  9999
2 37344   0.8654  80.7132 0001905 215.7347 295.1464  1.00268346 15637
BEIDOU IGSO 3           
1 37384U 11013A   15112.96982328 -.00000159  00000-0  10000-3 0  9998
2 37384  56.8788  81.1981 0025719 195.9495  43.6441  1.00273898 14839
INTELSAT NEW DAWN       
1 37392U 11016A   15112.97017348  .00000000  00000-0  10000-3 0  9996
2 37392   0.0233 220.8217 0001302 121.7881 250.1698  1.00272480 14404
YAHSAT 1A               
1 37393U 11016B   15113.05969744  .00000077  00000-0  10000-3 0  9997
2 37393   0.0012 219.8970 0001177 156.2388 268.6250  1.00273771 14737
TELSTAR 14R             
1 37602U 11021A   15112.31185721 -.00000304  00000-0  00000+0 0  9998
2 37602   0.0212 315.0890 0000976  37.0017 267.2094  1.00270648 14947
GSAT-8                  
1 37605U 11022A   15112.63925535  .00000060  00000-0  10000-3 0  9995
2 37605   0.0700  94.9421 0005180 193.7270 206.9221  1.00273668 14406
ST-2                    
1 37606U 11022B   15112.80929407  .00000000  00000-0  10000-3 0  9991
2 37606   0.0129 202.7715 0001330 223.4971 163.5436  1.00265334 14417
CHINASAT 10 (ZX 10)     
1 37677U 11026A   15113.15651030  .00000000  00000-0  10000-3 0  9996
2 37677   0.0453  37.7337 0005169 177.4330 162.5711  1.00268045 13700
TIANLIAN 1-02           
1 37737U 11032A   15113.80204366 -.00000071  00000-0  10000-3 0  9997
2 37737   0.9945  80.7333 0028934 194.8686  31.5990  1.00272063 13886
GSAT-12                 
1 37746U 11034A   15112.84934534 -.00000189  00000-0  00000+0 0  9994
2 37746   0.0488 108.5051 0006455   8.5455 122.2839  1.00271211 14126
SES-3                   
1 37748U 11035A   15112.03391957 -.00000126  00000-0  00000+0 0  9995
2 37748   0.0183 294.8929 0001717  12.5317 171.5450  1.00270675 13848
KAZSAT-2                
1 37749U 11035B   15111.96242426 -.00000223  00000-0  00000+0 0  9991
2 37749   0.0250 330.2851 0001362 119.1314 193.2859  1.00271920 13769
BEIDOU IGSO 4           
1 37763U 11038A   15112.93906603 -.00000098  00000-0  10000-3 0  9997
2 37763  54.6360 203.5391 0035596 204.0503 235.0097  1.00289164 13806
ASTRA 1N                
1 37775U 11041A   15113.00937813  .00000095  00000-0  00000+0 0  9991
2 37775   0.0648  14.9879 0005572  13.5688 204.7271  1.00272505 13567
BSAT-3C (JCSAT-110R)    
1 37776U 11041B   15113.29136367  .00000000  00000-0  10000-3 0  9999
2 37776   0.0325  66.3204 0000197 153.7391 205.7940  1.00267073 13691
PAKSAT-1R               
1 37779U 11042A   15113.77254116  .00000130  00000-0  00000+0 0  9998
2 37779   0.0213 326.7764 0002464  51.0309 149.7608  1.00271827 13502
CHINASAT 1A (ZX 1A)     
1 37804U 11047A   15113.60546087 -.00000362  00000-0  10000-3 0  9998
2 37804   0.0215 294.2158 0001327 339.5810 285.2931  1.00270796 13258
COSMOS 2473             
1 37806U 11048A   15113.84712753 -.00000158  00000-0  10000-3 0  9995
2 37806   0.0590  68.5046 0000880  64.0185 103.9224  1.00270928 13238
SES-2                   
1 37809U 11049A   15113.89934972 -.00000219  00000-0  10000-3 0  9991
2 37809   0.0494  63.5127 0002224 321.8459  62.9983  1.00270901 13193
ARABSAT-5C              
1 37810U 11049B   15113.38265087  .00000000  00000-0  10000-3 0  9998
2 37810   0.0718  22.5202 0011957  92.8746 253.3978  1.00269706 13135
EUTELSAT 7 WEST A       
1 37816U 11051A   15112.11090069 -.00000085  00000-0  10000-3 0  9997
2 37816   0.0837 321.0150 0002531 173.3917 108.0783  1.00270476 13119
QUETZSAT 1              
1 37826U 11054A   15113.46637652 -.00000266  00000-0  10000-3 0  9996
2 37826   0.0374  43.5163 0002443 341.1331 277.4308  1.00271090 13255
INTELSAT 18 (IS-18)     
1 37834U 11056A   15113.13606807  .00000029  00000-0  00000+0 0  9990
2 37834   0.0104 270.7364 0001568 101.3912  67.7125  1.00274948 13050
EUTELSAT 16A            
1 37836U 11057A   15110.07171829  .00000079  00000-0  00000+0 0  9999
2 37836   0.0699 350.7157 0003822  57.6317 201.2782  1.00271558 12942
VIASAT-1                
1 37843U 11059A   15113.22490328 -.00000048  00000-0  10000-3 0  9999
2 37843   0.0063 324.1819 0002242  54.5325 158.0838  1.00271892 13432
ASIASAT 7               
1 37933U 11069A   15112.79296087 -.00000358  00000-0  10000-3 0  9991
2 37933   0.0056  12.8765 0002625 291.2931 297.3234  1.00271786 12622
BEIDOU IGSO 5           
1 37948U 11073A   15112.56038281 -.00000174  00000-0  10000-3 0  9993
2 37948  54.1460 319.8195 0029371 199.0967 348.6309  1.00269286 12552
AMOS-5                  
1 37950U 11074A   15113.93255123  .00000086  00000-0  10000-3 0  9996
2 37950   0.0058 227.2939 0002811 262.3670  74.6551  1.00272862 12437
LUCH 5A                 
1 37951U 11074B   15113.85939567 -.00000068  00000-0  00000+0 0  9995
2 37951   2.3435 238.5540 0002728 158.9927 290.5201  1.00275308 12357
NIGCOMSAT 1R            
1 38014U 11077A   15110.85612057  .00000120  00000-0  00000+0 0  9996
2 38014   0.0766  49.5085 0002191 232.6175 277.1553  1.00270444 12215
FENGYUN 2F              
1 38049U 12002A   15113.85655122 -.00000380  00000-0  10000-3 0  9990
2 38049   0.2079  32.3706 0002893 167.1079  72.3733  1.00283219 12057
SES-4                   
1 38087U 12007A   15110.09182330 -.00000193  00000-0  00000+0 0  9993
2 38087   0.0310 348.6136 0002416  33.1965 197.0863  1.00270645 11666
BEIDOU G5               
1 38091U 12008A   15113.80802914  .00000035  00000-0  00000+0 0  9992
2 38091   1.0899  26.3420 0000783 114.5192  60.2091  1.00268479 11645
INTELSAT 22 (IS-22)     
1 38098U 12011A   15112.63968223 -.00000083  00000-0  00000+0 0  9993
2 38098   0.0491  22.1926 0001331  21.9753 108.5761  1.00270996 11241
APSTAR 7                
1 38107U 12013A   15113.37917914  .00000000  00000-0  10000-3 0  9992
2 38107   0.0378  65.4786 0002316 314.9152  43.6956  1.00267885 11329
YAHSAT 1B               
1 38245U 12016A   15113.59153691  .00000102  00000-0  00000+0 0  9994
2 38245   0.0107 237.7264 0000613 149.2607  84.8615  1.00273913 11080
JCSAT-13                
1 38331U 12023A   15113.73503311  .00000000  00000-0  10000-3 0  9994
2 38331   0.0082 223.8217 0001141 163.2199 212.9909  1.00265094 10755
VINASAT-2               
1 38332U 12023B   15113.69926873 -.00000353  00000-0  00000+0 0  9999
2 38332   0.0265 103.5073 0001640 296.2081 195.2525  1.00270058 10780
NIMIQ 6                 
1 38342U 12026A   15111.54590955 -.00000198  00000-0  00000+0 0  9990
2 38342   0.0135 271.2957 0001650 102.9167 300.4858  1.00271525 10734
CHINASAT 2A (ZX 2A)     
1 38352U 12028A   15112.49052216 -.00000318  00000-0  10000-3 0  9990
2 38352   0.0225 290.6894 0002664  57.3662 136.9853  1.00274868 10795
INTELSAT 19 (IS-19)     
1 38356U 12030A   15113.13821012  .00000000  00000-0  10000-3 0  9994
2 38356   0.0401  66.5765 0002976 326.3265  33.7333  1.00269719 10679
ECHOSTAR 17             
1 38551U 12035A   15113.50120733 -.00000099  00000-0  00000+0 0  9993
2 38551   0.0061 168.2236 0002238 223.8229 252.4934  1.00272457 10280
METEOSAT-10 (MSG-3)     
1 38552U 12035B   15113.07985840 -.00000030  00000-0  00000+0 0  9999
2 38552   0.0745 271.1045 0000934 183.9583 144.0973  1.00272797 10378
SES-5                   
1 38652U 12036A   15111.77788097  .00000009  00000-0  00000+0 0  9996
2 38652   0.0596 266.4548 0001797 134.3048  93.7651  1.00272387 10213
TIANLIAN 1-03           
1 38730U 12040A   15113.65767219  .00000000  00000-0  10000-3 0  9996
2 38730   0.0330  82.8328 0001879 121.7027 260.3362  1.00269541 10152
INTELSAT 20 (IS-20)     
1 38740U 12043A   15112.89952265  .00000000  00000-0  10000-3 0  9992
2 38740   0.0165 239.0225 0000810  87.9854 275.9776  1.00270617  9993
HYLAS 2                 
1 38741U 12043B   15112.08453164  .00000130  00000-0  10000-3 0  9992
2 38741   0.0586  80.9670 0002045 343.2000 207.0991  1.00274857  9996
INTELSAT 21 (IS-21)     
1 38749U 12045A   15110.26281660 -.00000309  00000-0  00000+0 0  9994
2 38749   0.0129 121.9197 0003159 259.3384 223.3936  1.00271342  9778
ASTRA 2F                
1 38778U 12051A   15113.08055209  .00000126  00000-0  00000+0 0  9990
2 38778   0.0400 232.9296 0000896  23.6113  11.4298  1.00271103  9448
GSAT-10                 
1 38779U 12051B   15112.84933771 -.00000189  00000-0  00000+0 0  9993
2 38779   0.0872  91.6082 0004707 209.7284 297.9764  1.00270412  9447
INTELSAT 23 (IS-23)     
1 38867U 12057A   15110.42355856 -.00000309  00000-0  00000+0 0  9995
2 38867   0.0469  64.8567 0000944 351.2083 251.5766  1.00269832  9246
BEIDOU G6               
1 38953U 12059A   15112.80829652 -.00000161  00000-0  10000-3 0  9998
2 38953   0.1373  18.6269 0001220 337.5998 225.3191  1.00272574  9207
LUCH 5B                 
1 38977U 12061A   15113.20594035 -.00000152  00000-0  00000+0 0  9991
2 38977   1.9636  81.7347 0000375 230.2881 316.7686  1.00268150  9335
YAMAL 300K              
1 38978U 12061B   15113.81754653 -.00000336  00000-0  10000-3 0  9992
2 38978   0.0271 290.4893 0005058  64.8944 260.9459  1.01123131  9035
STAR ONE C3             
1 38991U 12062A   15113.23842318 -.00000273  00000-0  10000-3 0  9990
2 38991   0.0709  81.5302 0001068 286.9306 213.3461  1.00271610  9014
EUTELSAT 21B            
1 38992U 12062B   15113.08039963  .00000105  00000-0  00000+0 0  9996
2 38992   0.0706 356.9156 0001975  26.8796 237.5172  1.00271526  9023
ECHOSTAR 16             
1 39008U 12065A   15112.44423117 -.00000306  00000-0  10000-3 0  9994
2 39008   0.0004 245.3128 0002787 139.6711 283.6053  1.00272016  8951
CHINASAT 12 (ZX 12)     
1 39017U 12067A   15113.84499470 -.00000230  00000-0  10000-3 0  9992
2 39017   0.0037 318.8048 0002036  69.2034 215.2348  1.00271640  8878
EUTELSAT 70B            
1 39020U 12069A   15113.15559212  .00000000  00000-0  10000-3 0  9997
2 39020   0.0554 359.0701 0003324  74.5059 263.7771  1.00270183  8763
YAMAL 402               
1 39022U 12070A   15112.63654157  .00000061  00000-0  10000-3 0  9994
2 39022   0.0073 284.8852 0002459 143.7325  65.7895  1.00274101  8756
SKYNET 5D               
1 39034U 12075A   15112.93285554  .00000075  00000-0  10000-3 0  9991
2 39034   0.0721 354.7461 0003247  22.9555 221.5041  1.00271021  8675
MEXSAT 3                
1 39035U 12075B   15113.39094027 -.00000050  00000-0  10000-3 0  9990
2 39035   0.0506 105.0159 0001520 248.0455 243.9685  1.00272033  8632
TDRS 11                 
1 39070U 13004A   15109.52865807  .00000059  00000-0  00000+0 0  9997
2 39070   6.3057 330.0807 0007944 272.2815 344.0192  1.00274360  8132
AMAZONAS 3              
1 39078U 13006A   15112.44702200 -.00000307  00000-0  10000-3 0  9991
2 39078   0.0201 210.7432 0000917 143.9657 315.3680  1.00272745  8117
AZERSPACE 1             
1 39079U 13006B   15112.99499875  .00000000  00000-0  10000-3 0  9992
2 39079   0.0101 273.0444 0004381 173.1573 168.7295  1.00273320  8115
EUTELSAT 117 WEST A     
1 39122U 13012A   15113.40673685 -.00000037  00000-0  00000+0 0  9994
2 39122   0.0116 244.8526 0002304 128.9806 226.8946  1.00271413  7633
ANIK G1                 
1 39127U 13014A   15113.39539228 -.00000098  00000-0  00000+0 0  9990
2 39127   0.0208 321.6604 0001293  59.7328 224.7367  1.00272814  7424
CHINASAT 11 (ZX 11)     
1 39157U 13020A   15113.15376471  .00000000  00000-0  10000-3 0  9990
2 39157   0.0451  28.0017 0000926 197.2287 138.9424  1.00264389  6132
EUTELSAT 7B             
1 39163U 13022A   15113.08004135  .00000024  00000-0  00000+0 0  9997
2 39163   0.0560  47.1040 0005286 321.9104 237.5822  1.00272271  7156
SES-6                   
1 39172U 13026A   15112.06841201 -.00000286  00000-0  00000+0 0  9992
2 39172   0.0141 318.7858 0003837 110.7876 124.3223  1.00269460  6899
IRNSS-1A                
1 39199U 13034A   15113.69105347  .00000112  00000-0  00000+0 0  9991
2 39199  27.6946 128.9846 0021876 190.7098 195.5320  1.00270830  6825
ALPHASAT                
1 39215U 13038A   15113.68723372  .00000117  00000-0  00000+0 0  9992
2 39215   0.7856  34.5226 0001447 355.1108  94.0166  1.00275096  6438
INSAT-3D                
1 39216U 13038B   15113.09065139  .00000000  00000-0  10000-3 0  9994
2 39216   0.0207  43.6652 0003022 287.3290 354.5051  1.00266322  5758
EUTELSAT 25B            
1 39233U 13044A   15110.85567844  .00000119  00000-0  00000+0 0  9997
2 39233   0.0636  34.8507 0001611 359.6302 147.6823  1.00274915  6041
GSAT-7                  
1 39234U 13044B   15113.68390225 -.00000101  00000-0  00000+0 0  9991
2 39234   0.1085  90.6486 0008683 195.6762 245.2533  1.00272455  6063
AMOS-4                  
1 39237U 13045A   15113.49144108  .00000000  00000-0  10000-3 0  9993
2 39237   0.0767  86.4135 0006855  28.6880 338.0384  1.00270995  6052
ASTRA 2E                
1 39285U 13056A   15113.68010603  .00000126  00000-0  10000-3 0  9990
2 39285   0.0504  14.1036 0003139 309.7846 160.6924  1.00270960  5756
SIRIUS FM-6             
1 39360U 13058A   15113.03129148 -.00000041  00000-0  00000+0 0  9992
2 39360   0.0148 339.9146 0000834 237.9078 248.0190  1.00271803  5508
RADUGA-1M 3             
1 39375U 13062A   15113.79510206 -.00000062  00000-0  10000-3 0  9993
2 39375   0.0008 325.7911 0002761  99.6049 142.3387  1.00272342  5293
SES-8                   
1 39460U 13071A   15112.84077977  .00000000  00000-0  10000-3 0  9997
2 39460   0.0083 253.7581 0002274 181.3582 173.1157  1.00267844  4796
INMARSAT 5-F1           
1 39476U 13073A   15113.67138488  .00000004  00000-0  10000-3 0  9997
2 39476   0.0005 107.9554 0000439  47.8489 359.8645  1.00272450  5098
TKSAT-1 (TUPAC KATARI)  
1 39481U 13075A   15113.79577319  .00000000  00000-0  10000-3 0  9994
2 39481   0.0849  54.5012 0002640 298.5693  57.6891  1.00265337  5007
EXPRESS-AM5             
1 39487U 13077A   15113.64631735 -.00000304  00000-0  00000+0 0  9992
2 39487   0.0163 310.4165 0000693  79.1730 194.4661  1.00270577  5542
GSAT-14                 
1 39498U 14001A   15113.67007484 -.00000101  00000-0  00000+0 0  9998
2 39498   0.0811  95.3684 0002271 267.7368 163.4840  1.00273127  4745
THAICOM 6               
1 39500U 14002A   15113.55008171  .00000000  00000-0  10000-3 0  9996
2 39500   0.0904 116.5770 0001150 256.6537 114.5902  1.00268246  4690
TDRS 12                 
1 39504U 14004A   15112.25139132 -.00000301  00000-0  00000+0 0  9990
2 39504   6.7037 337.5363 0000853  85.7943 195.9898  1.00278888  4597
ABS-2                   
1 39508U 14006A   15110.65988157 -.00000110  00000-0  00000+0 0  9995
2 39508   0.0025 299.7712 0002210  85.6640 135.4477  1.00271317  4462
ATHENA-FIDUS            
1 39509U 14006B   15113.77254103  .00000130  00000-0  00000+0 0  9990
2 39509   0.0059 327.1146 0001186  74.1870 126.1062  1.00275078  4674
TURKSAT 4A              
1 39522U 14007A   15112.08476395  .00000121  00000-0  10000-3 0  9993
2 39522   0.0279 264.8504 0002841  60.5141 316.9565  1.00273704  4353
EXPRESS-AT1             
1 39612U 14010A   15113.04072715  .00000000  00000-0  10000-3 0  9998
2 39612   0.0155 331.7973 0000887 170.5038 139.1142  1.00269851  4203
EXPRESS-AT2             
1 39613U 14010B   15112.77685468  .00000000  00000-0  10000-3 0  9993
2 39613   0.0130 310.8039 0002811 119.4171 199.7032  1.00264134  4037
AMAZONAS 4A             
1 39616U 14011A   15112.44702200 -.00000307  00000-0  00000+0 0  9991
2 39616   0.0437  50.7375 0005222 334.8991 284.5199  1.00272532  4011
ASTRA 5B                
1 39617U 14011B   15112.08453926  .00000130  00000-0  00000+0 0  9993
2 39617   0.0366 353.4010 0001720  19.1196 259.2192  1.00270361  4011
IRNSS-1B                
1 39635U 14017A   15113.65726813  .00000039  00000-0  00000+0 0  9999
2 39635  30.4328 306.9675 0019707 180.3439  15.7672  1.00277970  3965
LUCH 5V                 
1 39727U 14023A   15113.05810848 -.00000297  00000-0  00000+0 0  9991
2 39727   4.1631 301.2526 0002511 110.4014 274.7521  1.00269739521681
KAZSAT 3                
1 39728U 14023B   15113.65188366  .00000036  00000-0  00000+0 0  9991
2 39728   0.0380  30.6288 0000512  51.1020  62.8001  1.00273826  3612
EUTELSAT 3B             
1 39773U 14030A   15112.25644141 -.00000005  00000-0  00000+0 0  9999
2 39773   0.0624 334.1076 0001390 201.7211 129.5467  1.00271704  3362
ASIASAT 8               
1 40107U 14046A   15113.84546731 -.00000357  00000-0  00000+0 0  9991
2 40107   0.0119  52.7598 0000535 344.7351 223.7358  1.00272102  2660
ASIASAT 6               
1 40141U 14052A   15112.41351973 -.00000387  00000-0  10000-3 0  9998
2 40141   0.0414 101.4447 0002133 277.1147 100.3167  1.00267056  2311
OPTUS 10                
1 40146U 14054A   15112.30828944 -.00000098  00000-0  00000+0 0  9994
2 40146   0.0013  57.2430 0002979 353.1857  74.6119  1.00272914  2276
MEASAT-3B               
1 40147U 14054B   15113.31873244  .00000000  00000-0  10000-3 0  9997
2 40147   0.0419  61.8438 0004687 274.1424  81.2914  1.00266639  2326
LUCH (OLYMP)            
1 40258U 14058A   15113.06014720  .00000025  00000-0  00000+0 0  9994
2 40258   0.0359 273.9869 0025065 345.3258  43.9997  0.99722113  2096
HIMAWARI 8              
1 40267U 14060A   15111.33796130 -.00000301  00000-0  00000+0 0  9995
2 40267   0.0433  40.5318 0003142 294.7295 136.1357  1.00269276  2001
IRNSS-1C                
1 40269U 14061A   15112.84933771 -.00000190  00000-0  10000-3 0  9990
2 40269   4.6004 269.7255 0019658   7.9642 321.5983  1.00268915  1970
INTELSAT 30 (IS-30)     
1 40271U 14062A   15113.00623037  .00000000  00000-0  10000-3 0  9993
2 40271   0.0364  91.3566 0001972 131.9231 254.6218  1.00267208  1946
ARSAT 1                 
1 40272U 14062B   15112.36980167 -.00000284  00000-0  00000+0 0  9992
2 40272   0.0081 284.6899 0001204  80.2676 266.4671  1.00271201  2039
GSAT 16                 
1 40332U 14078A   15112.63927060  .00000060  00000-0  00000+0 0  9990
2 40332   0.0110 217.0800 0005575 215.2940  63.1535  1.00274280  1412
DIRECTV 14              
1 40333U 14078B   15110.44389284 -.00000150  00000-0  00000+0 0  9999
2 40333   0.0024 238.1119 0000100 278.4573 112.1954  1.00271283  1371
YAMAL 401               
1 40345U 14082A   15113.27902662  .00000000  00000-0  10000-3 0  9990
2 40345   0.0497  51.4506 0000477 219.3017 130.5785  1.00265308  1566
ASTRA 2G                
1 40364U 14089A   15106.16601981  .00000105  00000-0  00000+0 0  9999
2 40364   0.0906 281.5090 0002493 163.0954 200.3406  1.00272918  1113
FENGYUN 2G              
1 40367U 14090A   15113.80917832 -.00000328  00000-0  00000+0 0  9996
2 40367   2.0541 277.5389 0004836 258.3982  66.5919  1.00273423  1204
