STARLETTE               
1 07646U 75010A   15113.16390924 -.00000124  00000-0  13170-4 0  9995
2 07646  49.8258 340.7158 0205754 288.3389  69.5224 13.82296614 31120
LAGEOS 1                
1 08820U 76039A   15112.52150883 -.00000000  00000-0  00000+0 0  9995
2 08820 109.8295 223.8816 0043905  94.7687 288.0730  6.38664798653409
AJISAI (EGS)            
1 16908U 86061A   15113.21226487 -.00000102  00000-0 -32143-4 0  9990
2 16908  50.0090  71.2853 0011313 254.2062 134.1074 12.44480524973571
LAGEOS 2                
1 22195U 92070B   15112.15446777 -.00000009  00000-0  00000+0 0  9997
2 22195  52.6671 321.5039 0138343 205.9781 275.0554  6.47293926531875
STELLA                  
1 22824U 93061B   15113.82490714  .00000004  00000-0  19744-4 0  9996
2 22824  98.7158  57.8232 0006627 163.3667 292.7248 14.27352887123971
GRACE-1                 
1 27391U 02012A   15113.82016385  .00024507  00000-0  32051-3 0  9993
2 27391  88.9971  73.7937 0008780  25.9562  65.8653 15.58460355734339
GRACE-2                 
1 27392U 02012B   15113.87212718  .00024238  00000-0  31698-3 0  9994
2 27392  88.9978  73.8314 0009001  25.4335 359.6424 15.58459389734343
LARES                   
1 38077U 12006A   15113.90193668 -.00000022  00000-0  10000-3 0  9996
2 38077  69.4948  48.0731 0011152 280.1986  79.7782 12.54930617146249
