GOES 1 [-]              
1 08366U 75100A   15113.34371666 -.00000197  00000-0  00000+0 0  9990
2 08366  13.1132 327.5723 0003762 204.2314  70.1595  1.00234017144362
GOES 2 [-]              
1 10061U 77048A   15111.77810205 -.00000094  00000-0  00000+0 0  9996
2 10061  14.1467 336.2736 0012649 293.2104 234.3072  0.99399923 83012
GOES 3 [P]              
1 10953U 78062A   15113.54642331 -.00000104  00000-0  00000+0 0  9995
2 10953  14.1941 339.7546 0004648 140.8505 178.1442  1.00272845 88082
GOES 4 [-]              
1 11964U 80074A   15113.16273369  .00000000  00000-0  10000-3 0  9992
2 11964  14.8724 343.4671 0030056 355.7703   4.1601  0.99222447 87210
GOES 5 [-]              
1 12472U 81049A   15113.30001441 -.00000161  00000-0  00000+0 0  9990
2 12472  14.7501 353.5467 0004349 171.5184  55.1276  1.00206205 82121
GOES 6 [-]              
1 14050U 83041A   15113.44053420 -.00000202  00000-0  00000+0 0  9993
2 14050  14.8293 358.3672 0004672 131.3150 147.9265  1.00223932175229
GOES 7 [-]              
1 17561U 87022A   15113.36394604 -.00000259  00000-0  00000+0 0  9991
2 17561  14.9099  14.2954 0001018 319.7545 163.2362  0.99910127 86299
GOES 8 [-]              
1 23051U 94022A   15113.34668781 -.00000010  00000-0  00000+0 0  9993
2 23051  10.2782  46.8722 0004476 217.4885 331.5706  0.98903156 83836
GOES 9 [-]              
1 23581U 95025A   15113.12798744  .00000022  00000-0  00000+0 0  9996
2 23581   9.7942  45.8819 0005587  51.0146 233.6572  0.98797839 72512
GOES 10 [-]             
1 24786U 97019A   15113.28742089 -.00000220  00000-0  00000+0 0  9998
2 24786   8.0855  49.9087 0028621 134.4764  73.6550  0.99123546 65691
GOES 11 [-]             
1 26352U 00022A   15112.49570426  .00000001  00000-0  00000+0 0  9999
2 26352   3.3477  83.4523 0003494  51.7740 104.8084  0.99042675 54661
GOES 12 [-]             
1 26871U 01031A   15113.21206914 -.00000235  00000-0  00000+0 0  9995
2 26871   4.8743  66.6285 0006048 217.9488 310.9339  0.99138416 50354
GOES 13 [+]             
1 29155U 06018A   15113.45733573 -.00000275  00000-0  00000+0 0  9999
2 29155   0.2944 265.9018 0004483 160.7694 234.5060  1.00272913 32679
GOES 14 [S]             
1 35491U 09033A   15113.39533281 -.00000116  00000-0  00000+0 0  9990
2 35491   0.1417 101.2784 0000920  36.2337 111.5157  1.00270796 21326
GOES 15 [+]             
1 36411U 10008A   15113.37869163  .00000066  00000-0  00000+0 0  9999
2 36411   0.0685 126.3441 0002007 216.4082 229.3618  1.00266160 18843
