MTI                     
1 26102U 00014A   15113.87057146  .00020603  00000-0  61406-3 0  9996
2 26102  97.4790 249.0020 0011285 216.1775 261.6528 15.34640303833522
CFESAT                  
1 30777U 07006F   15113.11780574  .00019960  00000-0  84223-3 0  9998
2 30777  35.4270   1.6232 0001265 107.5330 252.5530 15.22452149447725
NFIRE                   
1 31140U 07014A   15112.76927771  .00026922  00000-0  57116-3 0  9991
2 31140  48.2179  24.7499 0013330 291.3615 104.1774 15.44663251453300
SPIRALE A               
1 33751U 09008C   15112.40510264  .00002871  00000-0  11298-2 0  9999
2 33751   2.0313 220.2175 5612967 324.6024  23.6602  4.58040053 74735
SPIRALE B               
1 33752U 09008D   15113.16979896  .00016118  00000-0  29257-2 0  9997
2 33752   2.1112  31.3622 7030047 331.5991   3.7617  2.61067420 53952
SAPPHIRE                
1 39088U 13009C   15112.65605945  .00000068  00000-0  40230-4 0  9998
2 39088  98.6069 310.4616 0012238 102.9117 257.3452 14.34026045112647
