COSMOS 2361 [-]         
1 25590U 98076A   15113.68227721  .00000062  00000-0  51678-4 0  9996
2 25590  82.9344 336.4995 0030218 267.6600 149.6604 13.72884099818157
COSMOS 2378 [-]         
1 26818U 01023A   15113.60281449  .00000071  00000-0  60032-4 0  9999
2 26818  82.9316 359.4155 0031911 223.8151 136.0488 13.73876816695667
COSMOS 2389 [-]         
1 27436U 02026A   15113.14954899  .00000062  00000-0  48101-4 0  9998
2 27436  82.9481 302.7127 0047753 103.4309  34.8702 13.74875431647457
COSMOS 2398 [-]         
1 27818U 03023A   15113.46436736  .00000039  00000-0  26094-4 0  9991
2 27818  82.9462 255.6165 0032841 103.1617 257.3202 13.72103634595185
COSMOS 2407 [+]         
1 28380U 04028A   15113.60603444  .00000123  00000-0  10996-3 0  9997
2 28380  82.9623 209.7976 0040557 118.5942 241.9301 13.75999797539951
COSMOS 2414 [+]         
1 28521U 05002A   15113.78971325  .00000080  00000-0  53841-4 0  9991
2 28521  82.9484 242.4757 0041721  58.6460 301.8791 13.87538857519368
COSMOS 2429 [-]         
1 32052U 07038A   15113.83226865  .00000061  00000-0  47047-4 0  9994
2 32052  82.9801 326.3085 0039895  85.2602 275.3108 13.74846272382133
COSMOS 2454 [-]         
1 35635U 09039A   15113.75794025  .00000067  00000-0  42081-4 0  9995
2 35635  82.9554 233.7170 0020223  32.3025 327.9395 13.89564496291975
COSMOS 2463 [+]         
1 36519U 10017A   15113.17170418  .00000038  00000-0  25420-4 0  9991
2 36519  82.9632   1.4051 0034783 269.3466  90.3705 13.71376239249739
