CALSPHERE 1             
1 00900U 64063C   15112.81854306  .00000930  00000-0  10062-2 0  9996
2 00900  90.1435 359.7929 0026171 320.1209  39.8031 13.72394050512120
CALSPHERE 2             
1 00902U 64063E   15112.24798404  .00000070  00000-0  91201-4 0  9992
2 00902  90.1483   2.1274 0018449 166.5891 315.0130 13.52608765305965
LCS 1                   
1 01361U 65034C   15113.48745070  .00000002  00000-0 -84713-3 0  9994
2 01361  32.1371 126.9275 0011903 124.9005 235.2612  9.89288490806908
TEMPSAT 1               
1 01512U 65065E   15111.86189429  .00000063  00000-0  10766-3 0  9999
2 01512  89.7958 256.9386 0070369 167.0482 346.2876 13.33372929417076
CALSPHERE 4(A)          
1 01520U 65065H   15112.52680817  .00000154  00000-0  27975-3 0  9990
2 01520  90.1075 115.1718 0071134  70.8321  27.2232 13.35645586419247
OPS 5712 (P/L 160)      
1 02826U 67053A   15112.82319089  .00007017  00000-0  19818-2 0  9993
2 02826  69.9309 276.7786 0003966  58.0123 302.1393 14.46018986474915
OPS 5712 (P/L 153)      
1 02874U 67053H   15113.46856023  .00000102  00000-0  11263-3 0  9996
2 02874  69.9742 199.0100 0004724  77.9895   0.6353 13.96216865438696
SURCAL 150B             
1 02909U 67053J   15113.33817322  .00008758  00000-0  19405-2 0  9990
2 02909  69.9524  22.0847 0005204 198.1701 161.9252 14.57402411482625
RIGIDSPHERE 2 (LCS 4)   
1 05398U 71067E   15112.49173381  .00001375  00000-0  48374-3 0  9997
2 05398  87.6270  23.0710 0064153   0.3358 359.7870 14.33135590290091
