RADUGA 1 [-]            
1 08513U 75123A   15109.57837043 -.00000210  00000-0  00000+0 0  9991
2 08513  11.7012 321.1770 0009474 156.3016  21.5061  1.00288334154068
RADUGA 2 [-]            
1 09416U 76092A   15113.09163602  .00000000  00000-0  10000-3 0  9996
2 09416  12.2736 323.0969 0025406 269.5954  90.0309  1.00243412 88499
RADUGA 3 [-]            
1 10159U 77071A   15110.75770392 -.00000391  00000-0  00000+0 0  9999
2 10159  12.7794 325.4286 0012019 170.6181  98.6977  1.00256616136187
RADUGA 4 [-]            
1 10987U 78073A   15111.73735103  .00000089  00000-0  00000+0 0  9994
2 10987  13.2429 328.2670 0009587 257.3753 295.6860  1.00224415 78737
RADUGA 5 [-]            
1 11343U 79035A   15112.63949928 -.00000030  00000-0  00000+0 0  9999
2 11343  13.5670 330.4679 0005802 128.7226  45.8194  1.00269704 88478
RADUGA 6 [-]            
1 11708U 80016A   15113.22060898  .00000000  00000-0  10000-3 0  9992
2 11708  13.7656 332.8669 0005821 177.0852 182.8576  1.00252112 81303
RADUGA 7 [-]            
1 12003U 80081A   15112.22059267 -.00000276  00000-0  00000+0 0  9991
2 12003  13.8393 334.4560 0011936 199.2006  81.9526  1.00238885 82564
RADUGA 8 [-]            
1 12351U 81027A   15112.95932193  .00000000  00000-0  10000-3 0  9995
2 12351  14.1170 335.3399 0088836 152.9628 207.4426  1.00355263 81648
RADUGA 9 [-]            
1 12618U 81069A   15113.23628877  .00000000  00000-0  10000-3 0  9990
2 12618  14.1774 337.3674 0003142 133.1251 226.8474  1.00312421 87487
RADUGA 10 [-]           
1 12897U 81102A   15111.66207389 -.00000075  00000-0  00000+0 0  9991
2 12897  14.2053 338.0847 0007312 140.7957  38.6252  1.00252034 76548
RADUGA 11 [-]           
1 13669U 82113A   15113.30771045  .00000000  00000-0  10000-3 0  9992
2 13669  15.3935 348.5314 0043517 181.5097 178.4333  0.97704537 81721
RADUGA 12 [-]           
1 13974U 83028A   15113.13981781  .00000000  00000-0  10000-3 0  9998
2 13974  14.6594 346.2552 0002015 162.5300 197.4317  1.00265138128534
RADUGA 13 [-]           
1 14307U 83088A   15113.10118304 -.00000172  00000-0  00000+0 0  9991
2 14307  15.4722 350.3293 0013172 326.4878 241.5620  0.98174372 78955
RADUGA 14 [-]           
1 14725U 84016A   15111.97303391 -.00000028  00000-0  00000+0 0  9992
2 14725  14.5809 349.2267 0004100 121.2592 153.4355  1.00264840 77227
RADUGA 15 [-]           
1 15057U 84063A   15112.08899983  .00000101  00000-0  00000+0 0  9994
2 15057  14.6129 350.2177 0005361 125.1629 157.7396  1.00212829100238
RADUGA 16 [-]           
1 15946U 85070A   15112.34404807  .00000070  00000-0  00000+0 0  9991
2 15946  14.6755 354.3404 0003840 164.2094   8.4367  1.00308517 81371
RADUGA 17 [-]           
1 16250U 85107A   15110.21635787 -.00000312  00000-0  00000+0 0  9998
2 16250  14.6825 355.4906 0013463 124.1541 123.5598  1.00165519110978
RADUGA 18 [-]           
1 16497U 86007A   15113.21835847 -.00000072  00000-0  00000+0 0  9996
2 16497  15.2904 357.6164 0074749  95.0791 110.2654  0.98810828105665
RADUGA 19 [-]           
1 17046U 86082A   15110.78680737 -.00000049  00000-0  00000+0 0  9999
2 17046  15.3546   1.0312 0012199  94.5777  83.0409  0.98459278102821
RADUGA 20 [-]           
1 17611U 87028A   15113.29522848  .00000000  00000-0  10000-3 0  9996
2 17611  17.0463   4.5242 0027380  73.9814 286.2865  0.95957907 99206
RADUGA 21 [-]           
1 18631U 87100A   15113.13169953 -.00000316  00000-0  00000+0 0  9993
2 18631  15.2394   3.2335 0003799 135.7370  56.6471  1.00221375100231
RADUGA 22 [-]           
1 19596U 88095A   15113.48083808 -.00000241  00000-0  00000+0 0  9997
2 19596  14.8226   6.7085 0006380 101.8502   0.5026  1.00384267 80861
RADUGA 23 [-]           
1 19928U 89030A   15111.97303391 -.00000053  00000-0  00000+0 0  9991
2 19928  14.7820   8.3777 0021728  97.0193 159.3185  1.00362348 93993
RADUGA-1 1 [-]          
1 20083U 89048A   15112.59232843 -.00000011  00000-0  00000+0 0  9990
2 20083  15.2557  10.8164 0018904  52.7574  50.4706  0.98706864 91046
RADUGA 24 [-]           
1 20367U 89098A   15113.15538799  .00000000  00000-0  10000-3 0  9994
2 20367  15.0882  11.0750 0004232 157.4804 202.4961  1.00252241 92190
RADUGA 25 [-]           
1 20499U 90016A   15113.15471573 -.00000283  00000-0  00000+0 0  9997
2 20499  14.8035  11.4154 0003384 128.6630  52.7966  1.00181344 92106
RADUGA 26 [-]           
1 21016U 90112A   15113.25333759  .00000000  00000-0  10000-3 0  9995
2 21016  14.7669  14.5345 0003066  46.2109 313.7700  1.00219633 89399
RADUGA-1 2 [-]          
1 21038U 90116A   15113.20120248  .00000000  00000-0  10000-3 0  9995
2 21038  14.7968  14.6620 0004858  56.7294 303.2725  1.00224507 89064
RADUGA 27 [-]           
1 21132U 91014A   15111.59828959 -.00000378  00000-0  00000+0 0  9996
2 21132  15.3077  15.1000 0002412  95.7026  80.7561  1.00298266 88455
RADUGA 28 [-]           
1 21821U 91087A   15111.08530060 -.00000192  00000-0  00000+0 0  9992
2 21821  14.7048  18.0454 0006205  77.4316 228.1118  1.00184746 85482
RADUGA 29 [-]           
1 22557U 93013A   15110.85586139  .00000106  00000-0  00000+0 0  9996
2 22557  14.4449  22.2116 0003847  67.3093  99.3610  1.00200963 80820
RADUGA 30 [-]           
1 22836U 93062A   15113.80670992 -.00000102  00000-0  00000+0 0  9996
2 22836  14.2849  23.9354 0004326 183.0223   7.5273  1.00285448 78934
RADUGA-1 3 [-]          
1 22981U 94008A   15113.28554796  .00000000  00000-0  10000-3 0  9994
2 22981  14.2321  25.1792 0002897 108.8680 251.1110  1.00326308 77660
RADUGA 31 [-]           
1 23010U 94012A   15111.80237988  .00000080  00000-0  00000+0 0  9993
2 23010  14.1988  25.1519 0002778  76.1046  85.8705  1.00238089 77491
RADUGA 32 [-]           
1 23448U 94087A   15113.29009615  .00000035  00000-0  10000-3 0  9994
2 23448  13.8958  27.6529 0008635 156.0911 203.8937  1.00278760 92096
RADUGA-1 4 [-]          
1 25642U 99010A   15112.94182171  .00000118  00000-0  00000+0 0  9990
2 25642  13.1608  40.3829 0004343 156.1364  27.9840  1.00274202 59121
RADUGA-1 5 [-]          
1 26477U 00049A   15112.88112422 -.00000106  00000-0  00000+0 0  9994
2 26477  10.7892  41.6149 0001537  63.0180 138.4892  1.00204087 53649
RADUGA-1 6 [-]          
1 26936U 01045A   15113.78874880 -.00000130  00000-0  00000+0 0  9991
2 26936  10.3135  46.5907 0018137 101.6298 104.5513  0.97744644 48768
RADUGA-1 7 [-]          
1 28194U 04010A   15112.95441920  .00000076  00000-0  00000+0 0  9995
2 28194   8.4670  54.2101 0003741 111.1325  45.3558  1.00269497 40555
RADUGA-1M 1 [-]         
1 32373U 07058A   15113.48833617 -.00000342  00000-0  00000+0 0  9998
2 32373   1.5058  76.1995 0001560 327.6508 120.2065  0.99400557 27834
RADUGA-1 8 [+]          
1 34264U 09010A   15105.11178005  .00000064  00000-0  10000-3 0  9998
2 34264   4.1728  77.0449 0001614 315.2638 223.2206  1.00275969 22420
RADUGA-1M 2 [+]         
1 36358U 10002A   15113.83694235 -.00000207  00000-0  10000-3 0  9993
2 36358   0.0185 261.3029 0002780 162.2295 174.2993  1.00271115 19179
RADUGA-1M 3 [+]         
1 39375U 13062A   15113.79510206 -.00000062  00000-0  10000-3 0  9993
2 39375   0.0008 325.7911 0002761  99.6049 142.3387  1.00272342  5293
