SCD 1                   
1 22490U 93009B   15112.44825061  .00000764  00000-0  16431-3 0  9993
2 22490  24.9691 108.2039 0042919 310.9915 181.8210 14.44316917171736
TRMM                    
1 25063U 97074A   15112.75704922  .00224350  00000-0  94456-3 0  9996
2 25063  34.9480 224.3901 0002495  69.2428  58.5282 15.83857151993227
TECHSAT 1B (GO-32)      
1 25397U 98043D   15113.77777220  .00000172  00000-0  94267-4 0  9992
2 25397  98.5148  65.9407 0002335 107.6458 338.9192 14.23537529872056
SCD 2                   
1 25504U 98060A   15112.97200617  .00000622  00000-0  12731-3 0  9998
2 25504  24.9954 303.2509 0017181   2.5174 131.3263 14.43861438871186
LANDSAT 7               
1 25682U 99020A   15113.75008928 -.00002280  00000-0 -49636-3 0  9998
2 25682  98.2216 184.3727 0000796 106.3240 253.8031 14.57096895852217
DLR-TUBSAT              
1 25757U 99029B   15113.68865586  .00000273  00000-0  80178-4 0  9998
2 25757  98.4611  12.4228 0014647 175.7133 184.4192 14.51265066842532
QUIKSCAT                
1 25789U 99034A   15113.51691677  .00000137  00000-0  74075-4 0  9997
2 25789  98.6127 303.2973 0001546 123.8445 236.2883 14.27196596825115
IKONOS 2                
1 25919U 99051A   15113.76711572  .00002787  00000-0  32399-3 0  9990
2 25919  98.0823 189.6901 0007796 192.6704 167.4337 14.86162155832845
TERRA                   
1 25994U 99068A   15113.83154477 -.00004670  00000-0 -10273-2 0  9995
2 25994  98.2141 189.1368 0001488 109.9454 250.3149 14.57105688816302
EO-1                    
1 26619U 00075A   15113.72955287  .00000521  00000-0  10817-3 0  9990
2 26619  97.9338 164.9410 0011255  76.9904 283.2510 14.63965996768593
EROS A1                 
1 26631U 00079A   15113.78581009  .00054108  00000-0  15011-2 0  9991
2 26631  97.5518 202.3015 0007824 208.1412 266.3291 15.36708725798161
BADR-B                  
1 27003U 01056C   15113.43212390  .00000005  00000-0  53439-4 0  9992
2 27003  99.2355 269.5390 0019738 217.8951 202.0650 13.70199783668498
MAROC-TUBSAT            
1 27004U 01056D   15112.44420709 -.00000009  00000-0  38299-4 0  9990
2 27004  99.2402 267.9084 0019281 222.3813 200.1951 13.70102512668313
SPOT 5                  
1 27421U 02021A   15113.85173318  .00005991  00000-0  27864-2 0  9991
2 27421  98.5163 171.4221 0000824  96.0898  24.1497 14.20907679672414
AQUA                    
1 27424U 02022A   15112.96708824  .00001616  00000-0  36868-3 0  9997
2 27424  98.1919  54.8022 0001946  62.3054 340.4147 14.57103364689784
IRS-P6 (RESOURCESAT-1)  
1 28051U 03046A   15113.75394885  .00000228  00000-0  12371-3 0  9998
2 28051  98.6920 192.9214 0005025  84.7360 275.4392 14.21640344597686
TANSUO 1 (TS 1)         
1 28220U 04012A   15113.14622887  .00007302  00000-0  63760-3 0  9997
2 28220  97.5936  74.0603 0008551 269.0156 213.0915 14.97069626598725
FORMOSAT-2 (ROCSAT 2)   
1 28254U 04018A   15113.86660230 -.00000027  00000-0  11553-4 0  9995
2 28254  98.9966 179.7673 0003053 136.7137 350.8254 14.00774242558656
AURA                    
1 28376U 04026A   15113.71978493  .00001985  00000-0  44102-3 0  9994
2 28376  98.1986  57.7270 0001446  72.1737 288.0119 14.57095996572940
IRS-P5 (CARTOSAT-1)     
1 28649U 05017A   15113.80823318 -.00001321  00000-0 -15451-3 0  9994
2 28649  97.7986 186.3255 0002296  78.8658 281.2807 14.83474938539543
SINAH 1                 
1 28893U 05043D   15113.11741519  .00001053  00000-0  22279-3 0  9996
2 28893  97.8209 301.3008 0016716 111.5990   1.6053 14.61095082505651
EROS B                  
1 29079U 06014A   15113.74641819  .00019050  00000-0  89623-3 0  9995
2 29079  97.4580 232.2463 0012157 260.7411 230.6760 15.19540898498781
RESURS-DK 1             
1 29228U 06021A   15113.81012442  .00002535  00000-0  20336-3 0  9997
2 29228  69.9374 295.2787 0002235 139.6418 338.8178 15.01435328490189
ARIRANG-2 (KOMPSAT-2)   
1 29268U 06031A   15113.75460195  .00001294  00000-0  26785-3 0  9992
2 29268  98.1650  14.1781 0017373 310.8108  49.1596 14.61856644466221
LAPAN-TUBSAT            
1 29709U 07001A   15113.78878572  .00000724  00000-0  98074-4 0  9993
2 29709  97.6259 111.2979 0013619 139.0557 221.1675 14.81714259447660
CARTOSAT-2 (IRS-P7)     
1 29710U 07001B   15113.74782341  .00001663  00000-0  23357-3 0  9993
2 29710  97.8959 173.6597 0002625 126.4035 233.7407 14.78720195447120
HAIYANG-1B              
1 31113U 07010A   15113.87813199  .00000351  00000-0  15411-3 0  9998
2 31113  98.6796 165.5751 0013388 258.0989 101.8688 14.29736973419232
COSMO-SKYMED 1          
1 31598U 07023A   15113.89294694  .00001337  00000-0  17444-3 0  9997
2 31598  97.8830 298.6452 0001143  89.4789 270.6557 14.82171125426122
TERRASAR-X              
1 31698U 07026A   15113.62204641  .00003384  00000-0  16430-3 0  9993
2 31698  97.4470 121.5137 0001295  90.9128 269.2255 15.19145565435618
WORLDVIEW-1 (WV-1)      
1 32060U 07041A   15113.85619113  .00002223  00000-0  91201-4 0  9994
2 32060  97.8593 206.1281 0003047 217.4011 142.7530 15.24254979422619
YAOGAN 3                
1 32289U 07055A   15113.91673416  .00001273  00000-0  17353-3 0  9994
2 32289  97.9615 108.5859 0001267  71.2169 288.9180 14.80408613402536
COSMO-SKYMED 2          
1 32376U 07059A   15113.72417055  .00000702  00000-0  94698-4 0  9993
2 32376  97.8829 298.4766 0001395  83.4417 276.6959 14.82166235398847
RADARSAT-2              
1 32382U 07061A   15113.41299513  .00000214  00000-0  10000-3 0  9998
2 32382  98.5757 121.4460 0001204  90.7845  45.3877 14.29983332383999
CARTOSAT-2A             
1 32783U 08021A   15113.86017018  .00001371  00000-0  19364-3 0  9994
2 32783  97.8926 173.6471 0011861 342.1654  17.9138 14.78720671377084
IMS-1                   
1 32786U 08021D   15113.78026161  .00002924  00000-0  36152-3 0  9996
2 32786  97.6606 151.2567 0010842 276.6023  83.3946 14.83474600377568
JASON 2 (OSTM)          
1 33105U 08032A   15113.20059458 -.00000033  00000-0  12131-3 0  9997
2 33105  66.0416 314.3013 0007749 273.2492 203.9258 12.80930822319926
RAPIDEYE 2              
1 33312U 08040A   15113.75138218  .00001127  00000-0  15610-3 0  9997
2 33312  97.8721 201.3694 0012683  26.4913 333.6961 14.79867506359201
RAPIDEYE 5              
1 33313U 08040B   15113.77621261  .00001072  00000-0  14880-3 0  9992
2 33313  97.8616 199.7512 0016175 257.3165 102.6237 14.79862291359158
RAPIDEYE 1              
1 33314U 08040C   15113.76435648  .00001176  00000-0  16214-3 0  9992
2 33314  97.8687 201.1756 0024799  36.8426 323.4491 14.79860903359193
RAPIDEYE 3              
1 33315U 08040D   15113.73472047  .00001045  00000-0  14534-3 0  9992
2 33315  97.8604 199.4511 0011999 336.2538  23.8129 14.79868313359158
RAPIDEYE 4              
1 33316U 08040E   15113.78822697  .00001039  00000-0  14455-3 0  9993
2 33316  97.8583 199.1636 0010959 279.7011  80.2965 14.79863832359158
HUANJING 1A (HJ-1A)     
1 33320U 08041A   15113.75549490  .00001881  00000-0  27855-3 0  9996
2 33320  98.0348 175.9927 0027411  36.8451 323.4633 14.76090431356886
HUANJING 1B (HJ-1B)     
1 33321U 08041B   15113.79198294  .00002042  00000-0  30030-3 0  9992
2 33321  98.0380 176.7652 0036331  51.8634 308.5835 14.76115762356870
GEOEYE 1                
1 33331U 08042A   15113.54591079  .00001338  00000-0  25256-3 0  9996
2 33331  98.1105 189.4278 0008796 204.6077 155.5204 14.64511138354136
THEOS                   
1 33396U 08049A   15113.81128213  .00000241  00000-0  13338-3 0  9990
2 33396  98.6662 181.1971 0001041  96.7334  10.4628 14.20041000340010
COSMO-SKYMED 3          
1 33412U 08054A   15113.77902758  .00000821  00000-0  10972-3 0  9999
2 33412  97.8827 298.5303 0001335  83.3345 276.8015 14.82160619351314
YAOGAN 4                
1 33446U 08061A   15113.89183564  .00001397  00000-0  20997-3 0  9990
2 33446  97.6481 145.3069 0016309 339.6111  20.4437 14.75896205344163
GOSAT (IBUKI)           
1 33492U 09002A   15113.83783198 -.00000069  00000-0 -37166-5 0  9995
2 33492  98.0682 223.5345 0001268  94.7890 265.3497 14.67547942334649
YAOGAN 6                
1 34839U 09021A   15113.78109269  .00006326  00000-0  27030-3 0  9994
2 34839  97.2471 183.7925 0030024 216.9881 257.7906 15.22790658332928
DEIMOS-1                
1 35681U 09041A   15113.70056632  .00001054  00000-0  17849-3 0  9999
2 35681  98.0335   8.9585 0001188  12.5654 347.5595 14.71335369307627
DUBAISAT-1              
1 35682U 09041B   15113.89028689  .00001336  00000-0  24024-3 0  9997
2 35682  97.9065 354.7069 0012801 133.6256 226.6011 14.68142253306962
OCEANSAT 2              
1 35931U 09051A   15113.31111920  .00001215  00000-0  31931-3 0  9994
2 35931  98.2679 208.0225 0004017  87.4279 308.9322 14.50859233295500
WORLDVIEW-2 (WV-2)      
1 35946U 09055A   15113.70890780  .00000311  00000-0  11750-3 0  9998
2 35946  98.3885 190.3121 0000538  88.6883 271.4367 14.37790074290647
SMOS                    
1 36036U 09059A   15113.08311542  .00000625  00000-0  21342-3 0  9994
2 36036  98.4456 300.9696 0001148  91.6669 268.4651 14.39745305287493
YAOGAN 7                
1 36110U 09069A   15113.80825132  .00001339  00000-0  20530-3 0  9994
2 36110  98.1055 254.8772 0025815 104.6694 255.7391 14.75123623289091
TANDEM-X                
1 36605U 10030A   15113.62204687  .00003766  00000-0  18248-3 0  9998
2 36605  97.4469 121.4832 0001603  87.0894 273.0524 15.19144558268358
CARTOSAT 2B             
1 36795U 10035A   15113.76061585  .00001293  00000-0  18291-3 0  9997
2 36795  97.8987 172.7849 0015614  54.1168 306.1489 14.78701339258111
YAOGAN 10               
1 36834U 10038A   15113.73595426  .00001103  00000-0  15121-3 0  9996
2 36834  97.8872 109.9915 0001469  61.2066 298.9290 14.80397274254254
COSMO-SKYMED 4          
1 37216U 10060A   15113.80857079 -.00000748  00000-0 -87414-4 0  9990
2 37216  97.8832 298.5572 0001113  70.9353 289.2062 14.82147766241405
SAC-D                   
1 37673U 11024A   15113.09370679  .00001146  00000-0  18909-3 0  9998
2 37673  98.0125 120.8630 0001391  80.5391 320.0947 14.72314974207830
HAIYANG 2A              
1 37781U 11043A   15113.86933602 -.00000206  00000-0 -15754-3 0  9998
2 37781  99.3464 125.5490 0000475 124.9814 235.1455 13.79298552185745
RASAT                   
1 37791U 11044D   15113.75367912  .00000708  00000-0  14273-3 0  9993
2 37791  98.1600 202.4729 0023271  72.1904 288.1842 14.64330622196816
MEGHA-TROPIQUES         
1 37838U 11058A   15113.61837649  .00000463  00000-0  11217-3 0  9997
2 37838  19.9766 206.4158 0010244  88.1585 271.9992 14.09675324182125
SRMSAT                  
1 37841U 11058D   15113.63068465  .00000520  00000-0  14146-3 0  9993
2 37841  19.9707 198.8417 0012076  92.7796  54.6121 14.10468230182247
YAOGAN 13               
1 37941U 11072A   15113.78093816  .00010419  00000-0  51120-3 0  9995
2 37941  97.4519  41.0604 0002712 121.7185 322.0241 15.18281937188515
PLEIADES 1A             
1 38012U 11076F   15113.78651128  .00000683  00000-0  15688-3 0  9996
2 38012  98.1961 189.2488 0001099  98.0156 262.1166 14.58533787178379
ZIYUAN 1-02C (ZY 1-02C) 
1 38038U 11079A   15113.82621949  .00000410  00000-0  15774-3 0  9994
2 38038  98.4318 188.0956 0000798  68.5436 291.5831 14.35402187174837
ZIYUAN 3 (ZY 3)         
1 38046U 12001A   15113.86028693  .00010086  00000-0  45287-3 0  9992
2 38046  97.3690 189.6684 0002365   4.7436 107.1058 15.21360681182555
RISAT 1                 
1 38248U 12017A   15113.75890131  .00003101  00000-0  20041-3 0  9996
2 38248  97.5619 121.4624 0003075 197.4286 281.3074 15.08954721164790
ARIRANG-3 (KOMPSAT-3)   
1 38338U 12025B   15113.81292249  .00000893  00000-0  18760-3 0  9998
2 38338  98.1241  52.3836 0010368 258.7008 101.3044 14.61960225156479
KANOPUS-V 1             
1 38707U 12039A   15113.78635222  .00004300  00000-0  20492-3 0  9993
2 38707  97.4717  29.6438 0001454  68.9705  15.8026 15.19649753152755
SPOT 6                  
1 38755U 12047A   15113.73300479  .00000681  00000-0  15619-3 0  9996
2 38755  98.1569 181.3428 0001103  77.5446 282.5871 14.58559071139442
PLEIADES 1B             
1 39019U 12068A   15113.82035641 -.00012322  00000-0 -26483-2 0  9996
2 39019  98.2002 189.1349 0001412 108.3599 251.7642 14.58514575127230
GOKTURK 2               
1 39030U 12073A   15113.80110779  .00000664  00000-0  13156-3 0  9997
2 39030  98.0769   9.8518 0016072  88.3782 271.9267 14.65376766125327
LANDSAT 8               
1 39084U 13008A   15113.64715912  .00000724  00000-0  16075-3 0  9997
2 39084  98.1842 184.2460 0001291  98.0552 262.1285 14.57123405116663
SARAL                   
1 39086U 13009A   15112.83300410  .00000190  00000-0  86654-4 0  9991
2 39086  98.5431 301.4480 0002075 104.9201 255.2201 14.32258934112551
GAOFEN 1                
1 39150U 13018A   15113.80709949  .00001252  00000-0  18669-3 0  9991
2 39150  98.0024 195.8915 0019889  67.1738 293.1582 14.76498995107356
VNREDSAT 1              
1 39160U 13021B   15113.80177873  .00001006  00000-0  20579-3 0  9991
2 39160  98.1521 191.1163 0000945  84.0667 276.0646 14.62937660104772
ARIRANG-5 (KOMPSAT-5)   
1 39227U 13042A   15113.79736416  .00003255  00000-0  23622-3 0  9990
2 39227  97.5995 300.2721 0006954  80.5315 279.6726 15.04576929 91603
SKYSAT-1                
1 39418U 13066C   15113.76545119  .00003249  00000-0  28404-3 0  9999
2 39418  97.7574 193.4433 0022849  41.1368 319.1589 14.97276439 77496
DUBAISAT-2              
1 39419U 13066D   15113.81594500  .00002734  00000-0  27024-3 0  9999
2 39419  97.7534 190.0979 0013795  10.1783 349.9760 14.92672399 77300
GPM-CORE                
1 39574U 14009C   15113.23048364  .00026986  00000-0  38314-3 0  9996
2 39574  65.0245  72.9613 0011031 265.2753  94.7132 15.56280142 65265
SENTINEL-1A             
1 39634U 14016A   15113.84141721 -.00000023  00000-0  00000+0 0  9991
2 39634  98.1828 121.6908 0001305  79.5880 280.5956 14.59198050 56183
KAZEOSAT 1              
1 39731U 14024A   15113.80040761  .00000359  00000-0  12309-3 0  9996
2 39731  98.4873 189.3472 0001019  85.3470 274.7835 14.41981549 51701
ALOS-2                  
1 39766U 14029A   15113.76239726  .00000018  00000-0  92764-5 0  9992
2 39766  97.9185 211.3854 0001526  84.8920 275.2459 14.79472998 49479
KAZEOSAT 2              
1 40010U 14033A   15113.81081990  .00001049  00000-0  13815-3 0  9998
2 40010  97.9590  12.1691 0017699 317.3089  42.6761 14.82159256 45614
HODOYOSHI-4             
1 40011U 14033B   15113.80314202  .00001865  00000-0  25116-3 0  9996
2 40011  97.9569  11.0019 0026349 302.4461  57.4211 14.80172412 45547
DEIMOS-2                
1 40013U 14033D   15113.74597592  .00002321  00000-0  28554-3 0  9993
2 40013  97.9426  12.8344 0002208  44.8150 315.3267 14.83964786 45678
HODOYOSHI-3             
1 40015U 14033F   15113.78606895  .00002103  00000-0  29855-3 0  9999
2 40015  97.9536   9.7028 0036590 297.0987  62.6496 14.77581958 45470
SPOT 7                  
1 40053U 14034A   15113.83675004 -.00000045  00000-0  00000+0 0  9997
2 40053  98.1635 181.7261 0001121 101.8153 258.3195 14.58563978 43394
SKYSAT-2                
1 40072U 14037D   15113.80311055  .00001394  00000-0  18989-3 0  9997
2 40072  98.3596 183.0566 0007570  58.5096 301.6851 14.80429705 42758
WORLDVIEW-3 (WV-3)      
1 40115U 14048A   15113.75854652  .00001617  00000-0  19546-3 0  9994
2 40115  97.9564 188.9352 0002323 107.6622 252.4840 14.85105459 37549
YAOGAN 21               
1 40143U 14053A   15113.86664859  .00019569  00000-0  78045-3 0  9995
2 40143  97.3877 190.0390 0014424  89.2127 271.1278 15.25108310 34721
YAOGAN 22               
1 40275U 14063A   15113.69523889 -.00000044  00000-0  00000+0 0  9991
2 40275 100.3386 231.9683 0006605  68.2193 291.9625 13.15293044 24371
ASNARO                  
1 40298U 14070A   15113.82595900  .00014587  00000-0  68426-3 0  9998
2 40298  97.4601 196.5145 0001844 100.6210  15.8569 15.19762694 25595
HODOYOSHI-1             
1 40299U 14070B   15113.81082889  .00007394  00000-0  35703-3 0  9995
2 40299  97.4577 196.0159 0012431 328.6744 146.7359 15.18883241 25565
CHUBUSAT-1              
1 40300U 14070C   15113.83162306  .00008081  00000-0  40853-3 0  9999
2 40300  97.4545 195.4844 0021473 326.4093 150.3144 15.17116656 25534
QSAT-EOS                
1 40301U 14070D   15113.77755545  .00014020  00000-0  72182-3 0  9996
2 40301  97.4509 194.8822 0031438 325.7404 149.4597 15.16087592 25495
TSUBAME                 
1 40302U 14070E   15113.76145471  .00008246  00000-0  46819-3 0  9998
2 40302  97.4493 194.0865 0042673 327.6217 128.4698 15.12401435 25449
YAOGAN 23               
1 40305U 14071A   15113.81586603  .00010291  00000-0  50422-3 0  9992
2 40305  97.3519  59.1406 0002458 119.3543 315.5221 15.18330845 24281
YAOGAN 24               
1 40310U 14072A   15113.79919774  .00001474  00000-0  21788-3 0  9991
2 40310  97.9237 233.2495 0018667  82.2368 278.0964 14.76599613 22799
CBERS-4                 
1 40336U 14079A   15113.77476051  .00000217  00000-0  90922-4 0  9991
2 40336  98.5282 189.5854 0000567 104.4455 255.6786 14.35438418 19733
RESURS P2               
1 40360U 14087A   15113.79649037  .00006469  00000-0  19752-3 0  9991
2 40360  97.2858 208.9487 0006969  51.1599  63.3380 15.34224788 18109
YAOGAN 26               
1 40362U 14088A   15113.82101697  .00014225  00000-0  55172-3 0  9998
2 40362  97.4230 189.9918 0004691  51.5918  52.9633 15.26219388 17940
SMAP                    
1 40376U 15003A   15113.88485682  .00001025  00000-0  19874-3 0  9999
2 40376  98.1262 122.0960 0001815  79.0228 281.1670 14.63335082 12040
KOMPSAT 3A              
1 40536U 15014A   15113.77815377  .00007857  00000-0  46144-3 0  9994
2 40536  97.5170  53.9290 0015397 169.6784 282.7540 15.11881918  4367
