SARSAT 7 (NOAA 15)      
1 25338U 98030A   15113.69338804  .00000338  00000-0  14259-3 0  9991
2 25338  98.7712 112.2981 0010212 332.6126  27.4993 14.25604404881393
GPS BIIR-07             
1 26690U 01004A   15113.47060197 -.00000023  00000-0  00000+0 0  9998
2 26690  53.0060 190.6575 0163090 247.2166 202.0971  2.00551562104258
METEOSAT-8 (MSG-1)      
1 27509U 02040B   15113.57299380  .00000000  00000-0  10000-3 0  9997
2 27509   3.4409  61.2723 0000533 208.2650 151.6471  1.00265945 46401
GPS BIIR-08             
1 27663U 03005A   15113.21475524  .00001721  00000-0  10000-3 0  9998
2 27663  56.7328  15.4663 0082408  13.6149 346.6421  2.00588865 89621
INSAT 3A                
1 27714U 03013A   15113.05727308 -.00000282  00000-0  00000+0 0  9993
2 27714   0.1020  90.2756 0005079 333.9567 260.6329  1.00272116 44109
GPS BIIR-11             
1 28190U 04009A   15113.47968632 -.00000015  00000-0  00000+0 0  9995
2 28190  55.5330  77.1480 0111555  29.6408  79.7608  2.00558437 81298
GPS BIIR-12             
1 28361U 04023A   15113.06084281 -.00000024  00000-0  00000+0 0  9995
2 28361  54.3618 252.0552 0101491 206.7752 111.5513  2.00568378 79366
GPS BIIR-13             
1 28474U 04045A   15113.20533708  .00000013  00000-0  00000+0 0  9990
2 28474  53.9019 130.0279 0147886 229.9230 191.2138  2.00547856 76732
SARSAT 10 (NOAA 18)     
1 28654U 05018A   15113.71991678  .00000433  00000-0  23537-3 0  9991
2 28654  99.1815 105.0432 0015033 111.1947 249.1308 14.12183987511504
GPS BIIR-14M            
1 28874U 05038A   15113.32060330 -.00000020  00000-0  00000+0 0  9995
2 28874  55.7004  74.3054 0103286 245.3316   8.2524  2.00554694 70136
MSG-2                   
1 28912U 05049B   15112.77415310  .00000038  00000-0  00000+0 0  9998
2 28912   0.7240  53.5227 0001064 298.4312 146.6286  1.00265846 34250
GOES 13                 
1 29155U 06018A   15113.45733573 -.00000275  00000-0  00000+0 0  9999
2 29155   0.2944 265.9018 0004483 160.7694 234.5060  1.00272913 32679
SARSAT 11 (METOP-A)     
1 29499U 06044A   15113.76932394  .00000212  00000-0  11686-3 0  9991
2 29499  98.6806 174.0249 0000793  51.6728  56.0897 14.21510701441553
GPS BIIR-16M            
1 29601U 06052A   15113.33786828 -.00000094  00000-0  00000+0 0  9990
2 29601  56.7007  14.3896 0054036  30.4025 197.1252  2.00561261 61768
GPS BIIR-17M            
1 32260U 07047A   15113.30335017 -.00000027  00000-0  00000+0 0  9993
2 32260  53.4934 249.0833 0070357  20.7822 315.5030  2.00568558 55157
GPS BIIR-18M            
1 32384U 07062A   15113.24632897 -.00000019  00000-0  00000+0 0  9997
2 32384  55.7483  74.8430 0015036 314.4453 117.6327  2.00552032 53889
SARSAT 12 (NOAA 19)     
1 33591U 09005A   15113.81347891  .00000509  00000-0  27832-3 0  9996
2 33591  98.9846  63.5760 0013606 327.6124  32.4698 14.11919146319827
GOES 14                 
1 35491U 09033A   15113.39533281 -.00000116  00000-0  00000+0 0  9990
2 35491   0.1417 101.2784 0000920  36.2337 111.5157  1.00270796 21326
GOES 15                 
1 36411U 10008A   15113.37869163  .00000066  00000-0  00000+0 0  9999
2 36411   0.0685 126.3441 0002007 216.4082 229.3618  1.00266160 18843
ELEKTRO-L 1             
1 37344U 11001A   15113.84468215 -.00000119  00000-0  10000-3 0  9999
2 37344   0.8654  80.7132 0001905 215.7347 295.1464  1.00268346 15637
GLONASS-K 1             
1 37372U 11009A   15113.10704384  .00000023  00000-0  00000+0 0  9995
2 37372  65.0502  91.2705 0009129 245.2580 333.8446  2.13102976 32291
GPS BIIF-2              
1 37753U 11036A   15112.78171407  .00000015  00000-0  00000+0 0  9996
2 37753  55.1264 132.1543 0040367  18.3571 222.5414  2.00564269 27579
LUCH 5A                 
1 37951U 11074B   15113.85939567 -.00000068  00000-0  00000+0 0  9995
2 37951   2.3435 238.5540 0002728 158.9927 290.5201  1.00275308 12357
MSG-3                   
1 38552U 12035B   15113.07985840 -.00000030  00000-0  00000+0 0  9999
2 38552   0.0745 271.1045 0000934 183.9583 144.0973  1.00272797 10378
SARSAT 13 (METOP-B)     
1 38771U 12049A   15112.82518708  .00000232  00000-0  12617-3 0  9998
2 38771  98.7026 173.5470 0001389  54.1634  71.6998 14.21494588134555
GPS BIIF-3              
1 38833U 12053A   15113.43446556 -.00000060  00000-0  00000+0 0  9990
2 38833  54.6527 310.8761 0031521  16.3365 343.7708  2.00563238 18660
GSAT0103 (GALILEO-FM3)  
1 38857U 12055A   15106.19475289 -.00000026  00000-0  00000+0 0  9990
2 38857  55.0050 214.0409 0003412 212.6317 147.3346  1.70473491 15617
GSAT0104 (GALILEO-FM4)  
1 38858U 12055B   15113.16848306 -.00000027  00000-0  00000+0 0  9991
2 38858  55.0038 213.8453 0002699 210.0576 149.9481  1.70473661 15678
GPS BIIF-4              
1 39166U 13023A   15113.28708619 -.00000025  00000-0  10000-3 0  9998
2 39166  55.4069  71.5809 0022765   3.1502 356.8388  2.00561866 14188
INSAT-3D                
1 39216U 13038B   15113.09065139  .00000000  00000-0  10000-3 0  9994
2 39216   0.0207  43.6652 0003022 287.3290 354.5051  1.00266322  5758
GPS BIIF-5              
1 39533U 14008A   15112.78701040 -.00000068  00000-0  00000+0 0  9997
2 39533  54.7971 316.0644 0012181 173.4317 186.5969  2.00554745  8544
LUCH 5V                 
1 39727U 14023A   15113.05810848 -.00000297  00000-0  00000+0 0  9991
2 39727   4.1631 301.2526 0002511 110.4014 274.7521  1.00269739521681
GPS BIIF-6              
1 39741U 14026A   15113.06804239  .00000015  00000-0  00000+0 0  9995
2 39741  55.1201 131.6553 0003368 232.9217 127.0818  2.00556768  6833
GPS BIIF-7              
1 40105U 14045A   15112.15868924 -.00000023  00000-0  00000+0 0  9992
2 40105  54.8759 251.5797 0002973 167.9458 192.0296  2.00569565  5267
GSAT0201                
1 40128U 14050A   15113.18558800 -.00000037  00000-0  00000+0 0  9991
2 40128  49.7914  76.7712 1564727  34.7936 334.4357  1.85519559  4691
GSAT0202                
1 40129U 14050B   15111.29741837 -.00000048  00000-0  00000+0 0  9998
2 40129  49.8506  75.8122 1564361  35.9707 333.5333  1.85520158  4857
GPS BIIF-8              
1 40294U 14068A   15113.53145115 -.00000022  00000-0  00000+0 0  9998
2 40294  54.9654 191.7428 0010657 214.1555 145.8452  2.00558973  3515
GLONASS-K 2             
1 40315U 14075A   15113.74393855 -.00000057  00000-0  00000+0 0  9997
2 40315  64.7800 332.7514 0015490 240.2654 231.2532  2.13101465  3078
GPS BIIF-9              
1 40534U 15013A   15113.17532504 -.00000098  00000-0  00000+0 0  9991
2 40534  55.0180  11.6316 0001181 330.9557  29.0637  2.00577612   566
GSAT0203                
1 40544U 15017A   15112.31507944  .00000003  00000-0  00000+0 0  9996
2 40544  55.0804  94.2271 0010839 336.7747  23.1481  1.67716412   424
GSAT0204                
1 40545U 15017B   15113.31141736  .00000000  00000-0  10000-3 0  9993
2 40545  55.0894  94.1873 0005185 358.2911   1.6856  1.69234393   232
