AOR-E (EGNOS/PRN 120)   
1 24307U 96053A   15113.20594035 -.00000147  00000-0  00000+0 0  9990
2 24307   1.0323  81.6722 0006235 304.1154 243.7679  1.00271251 68187
ARTEMIS (EGNOS/PRN 124) 
1 26863U 01029A   15113.46953652  .00000000  00000-0  10000-3 0  9992
2 26863  11.7568  41.6777 0000438  12.1995 347.7342  1.00270289 51576
MTSAT-1R (MSAS/PRN 129) 
1 28622U 05006A   15113.64631735 -.00000304  00000-0  00000+0 0  9994
2 28622   0.0886  83.5926 0003904 304.2866 196.1163  1.00272336 37171
CRE (WAAS/PRN 138)      
1 28868U 05036A   15112.32259050 -.00000099  00000-0  00000+0 0  9990
2 28868   0.0552  82.8503 0003386 300.5959 195.4337  1.00271827 35304
CRW (WAAS/PRN 135)      
1 28884U 05041A   15110.44303907  .00000055  00000-0  00000+0 0  9997
2 28884   0.0570  55.5255 0000882 311.6340 227.5153  1.00270697 34797
IOR-W (EGNOS/PRN 126)   
1 28899U 05044A   15113.08048348  .00000113  00000-0  00000+0 0  9999
2 28899   2.4339   0.9110 0002123  38.5801 225.3559  1.00273252 34665
MTSAT-2 (MSAS/PRN 137)  
1 28937U 06004A   15112.75030941  .00000000  00000-0  10000-3 0  9992
2 28937   0.0230 283.5242 0003463 104.6429 237.4196  1.00270562 33555
AMR (WAAS/PRN 133)      
1 33278U 08039A   15113.37732126 -.00000164  00000-0  00000+0 0  9996
2 33278   3.0128 353.8730 0002092  52.6290 202.4117  1.00271191 24437
QZS-1 (QZSS/PRN 183)    
1 37158U 10045A   15110.51035914 -.00000189  00000-0  00000+0 0  9998
2 37158  40.6091 170.8232 0754085 270.1994  85.0681  1.00247779 16877
GSAT-8 (GAGAN/PRN 127)  
1 37605U 11022A   15112.63925535  .00000060  00000-0  10000-3 0  9995
2 37605   0.0700  94.9421 0005180 193.7270 206.9221  1.00273668 14406
LUCH 5A (SDCM/PRN 140)  
1 37951U 11074B   15113.85939567 -.00000068  00000-0  00000+0 0  9995
2 37951   2.3435 238.5540 0002728 158.9927 290.5201  1.00275308 12357
SES-5 (EGNOS/PRN 136)   
1 38652U 12036A   15111.77788097  .00000009  00000-0  00000+0 0  9996
2 38652   0.0596 266.4548 0001797 134.3048  93.7651  1.00272387 10213
GSAT-10 (GAGAN/PRN 128) 
1 38779U 12051B   15112.84933771 -.00000189  00000-0  00000+0 0  9993
2 38779   0.0872  91.6082 0004707 209.7284 297.9764  1.00270412  9447
LUCH 5B (SDCM/PRN 125)  
1 38977U 12061A   15113.20594035 -.00000152  00000-0  00000+0 0  9991
2 38977   1.9636  81.7347 0000375 230.2881 316.7686  1.00268150  9335
ASTRA 5B (EGNOS/PRN 123)
1 39617U 14011B   15112.08453926  .00000130  00000-0  00000+0 0  9993
2 39617   0.0366 353.4010 0001720  19.1196 259.2192  1.00270361  4011
LUCH 5V (SDCM/PRN 141)  
1 39727U 14023A   15113.05810848 -.00000297  00000-0  00000+0 0  9991
2 39727   4.1631 301.2526 0002511 110.4014 274.7521  1.00269739521681
