AKEBONO (EXOS-D)        
1 19822U 89016A   15113.49891935  .00035918  74090-6  79036-3 0  9995
2 19822  75.0444  84.7069 2120659 234.0813 238.3180 11.23141795818981
HST                     
1 20580U 90037B   15112.58851852  .00004541  00000-0  28241-3 0  9990
2 20580  28.4691 160.7121 0002891   6.7346 240.3195 15.07239061171413
POLAR                   
1 23802U 96013A   15111.84036924 -.00000051  00000-0  00000+0 0  9995
2 23802  78.7534 290.2169 7377076 356.7273   0.1440  1.29842802 91948
SWAS                    
1 25560U 98071A   15113.20436015  .00003897  00000-0  39029-3 0  9998
2 25560  69.9009  75.6226 0011336 283.4035  76.5856 14.92165189888232
ORSTED                  
1 25635U 99008B   15112.82329220  .00000958  00000-0  23842-3 0  9999
2 25635  96.4752 191.5768 0138251 234.6458 266.9273 14.47635077852458
CXO                     
1 25867U 99040B   15112.40048321  .00000000  00000-0  10000-3 0  9996
2 25867  76.9376 309.2758 7639108 269.7458  11.4144  0.37813537 13070
XMM-NEWTON              
1 25989U 99066A   15114.35344994  .00000094  00000-0  00000+0 0  9998
2 25989  66.0763  43.9104 7964557  93.3797 359.8765  0.50321396 16958
TERRA                   
1 25994U 99068A   15113.83154477 -.00004670  00000-0 -10273-2 0  9995
2 25994  98.2141 189.1368 0001488 109.9454 250.3149 14.57105688816302
CLUSTER II-FM6 (SALSA)  
1 26410U 00041A   15113.06622344  .00000611  00000-0  00000+0 0  9993
2 26410 132.6542 323.6264 5909497 136.8326   0.7617  0.44476996 14023
CLUSTER II-FM7 (SAMBA)  
1 26411U 00041B   15113.49096284  .00000630  00000-0  00000+0 0  9990
2 26411 132.6627 323.8923 5832450 136.2994   0.6350  0.44278445 14102
CLUSTER II-FM5 (RUMBA)  
1 26463U 00045A   15115.84417461  .00000808  00000-0  00000+0 0  9993
2 26463 135.1558 322.9338 6031211 137.6290   0.6194  0.44207977 14615
CLUSTER II-FM8 (TANGO)  
1 26464U 00045B   15113.59493520  .00000640  00000-0  00000+0 0  9998
2 26464 132.0188 325.8853 6347077 137.9684   0.6761  0.44151395 49941
ODIN                    
1 26702U 01007A   15113.11466184  .00007129  00000-0  50769-3 0  9996
2 26702  97.6428 127.1161 0011323 202.9508 157.1214 15.04865714773313
TIMED                   
1 26998U 01055B   15113.08308175  .00002447  00000-0  27572-3 0  9991
2 26998  74.0728  78.7690 0002367 282.9641  77.1275 14.87220848724580
RHESSI                  
1 27370U 02004A   15113.50066117  .00013607  00000-0  60608-3 0  9992
2 27370  38.0355 135.6566 0012859 174.8714 185.2186 15.20859214726243
INTEGRAL                
1 27540U 02048A   15116.05617992  .00000821  00000-0  00000+0 0  9995
2 27540  53.6577 220.3839 8481745 265.3922   0.4530  0.33288340 11449
CORIOLIS                
1 27640U 03001A   15112.70117837  .00000213  00000-0  12335-3 0  9990
2 27640  98.7531 122.2166 0014968  49.7482  80.3157 14.18826610636417
SORCE                   
1 27651U 03004A   15113.17682302  .00004439  00000-0  49372-3 0  9996
2 27651  39.9956  19.1383 0022059 120.7599 239.5365 14.87525852663656
MOST                    
1 27843U 03031D   15112.76179356  .00000143  00000-0  86779-4 0  9994
2 27843  98.7167 121.0580 0011003 117.6081 242.6214 14.20468867612309
SCISAT 1                
1 27858U 03036A   15113.80758804  .00001097  00000-0  16147-3 0  9992
2 27858  73.9322 297.4961 0008874 225.7354 134.3093 14.76747961629823
SWIFT                   
1 28485U 04047A   15112.66888956  .00007787  00000-0  55256-3 0  9993
2 28485  20.5566 226.1850 0012254  37.1696 322.9584 15.01476301569723
SUZAKU (ASTRO-EII)      
1 28773U 05025A   15113.83292727  .00008974  00000-0  49926-3 0  9991
2 28773  31.3839 338.8682 0005096  36.2288 323.8702 15.12403903538192
FORMOSAT-3 FM6          
1 29047U 06011A   15112.84508185  .00000652  00000-0  27403-3 0  9991
2 29047  71.9813 351.3871 0049485  67.5882 293.0486 14.28313278472483
FORMOSAT-3 FM1          
1 29048U 06011B   15113.86696086  .00000600  00000-0  25448-3 0  9993
2 29048  71.9679 262.3027 0043800  18.5459  93.9903 14.28284564475118
FORMOSAT-3 FM5          
1 29049U 06011C   15113.16352255  .00000890  00000-0  37081-3 0  9991
2 29049  72.0207  64.7476 0033254  64.2501  30.6401 14.28292691470787
FORMOSAT-3 FM3          
1 29050U 06011D   15113.13592255  .00002459  00000-0  53902-3 0  9999
2 29050  72.0190  41.8222 0049876 145.9928 214.4438 14.57744686481986
FORMOSAT-3 FM4          
1 29051U 06011E   15113.80529026  .00000463  00000-0  19705-3 0  9996
2 29051  72.0067 328.8681 0069870 297.3102  62.0932 14.28298319473464
FORMOSAT-3 FM2          
1 29052U 06011F   15113.26104780  .00000872  00000-0  36184-3 0  9997
2 29052  72.0366  38.6390 0039564  27.5684 126.9343 14.28400008471706
CLOUDSAT                
1 29107U 06016A   15112.82370142  .00000826  00000-0  19342-3 0  9997
2 29107  98.2088  57.3287 0001304  41.0913 319.0409 14.57091250477923
CALIPSO                 
1 29108U 06016B   15113.78391139  .00001930  00000-0  43839-3 0  9998
2 29108  98.2092  57.8357 0001339  77.5323 282.6043 14.57105530477992
HINODE (SOLAR-B)        
1 29479U 06041A   15112.85699126  .00001347  00000-0  26354-3 0  9996
2 29479  98.1461 113.1658 0017522 166.5988 193.5684 14.64368460458293
SJ-6C                   
1 29505U 06046A   15113.77463259  .00001416  00000-0  13930-3 0  9992
2 29505  97.7863 109.5483 0002870 152.6531 207.4824 14.93688244462595
SJ-6D                   
1 29506U 06046B   15113.86891402  .00002043  00000-0  20358-3 0  9997
2 29506  97.8013 108.4980 0001016 206.7959 153.3238 14.92700252462377
AGILE                   
1 31135U 07013A   15113.06307142  .00013500  00000-0  48706-3 0  9995
2 31135   2.4677  90.9754 0014132  42.7270 317.3882 15.24494908443287
AIM                     
1 31304U 07015A   15113.80985804  .00011277  00000-0  74623-3 0  9990
2 31304  97.9125 250.6123 0004640 283.2603  76.8106 15.07516276436374
FGRST (GLAST)           
1 33053U 08029A   15112.92312424  .00004195  00000-0  23500-3 0  9992
2 33053  25.5824 311.1233 0013112 190.6286 169.3973 15.09773576378305
IBEX                    
1 33401U 08051A   15111.01712618 -.00001824  00000-0  00000+0 0  9995
2 33401  13.4428 114.3352 4170618  48.7653 351.8316  0.10122899  2779
WISE                    
1 36119U 09071A   15113.62384156  .00008404  00000-0  34598-3 0  9991
2 36119  97.5047 128.7718 0002851 164.3833 195.7493 15.24374778296410
SDO                     
1 36395U 10005A   15113.22983558 -.00000062  00000-0  00000+0 0  9993
2 36395  28.0885 154.7309 0001933 210.6448 186.2881  1.00273632 19209
CRYOSAT 2               
1 36508U 10013A   15113.82330215  .00000240  00000-0  58337-4 0  9998
2 36508  92.0301  12.3643 0009984 123.2482 236.9684 14.52176833267182
PICARD                  
1 36598U 10028A   15113.82768665  .00000526  00000-0  14623-3 0  9993
2 36598  98.3051 298.7195 0001527 202.7101 157.4030 14.50286754256913
SPEKTR-R                
1 37755U 11037A   15109.24032256 -.00000030  00000-0  00000+0 0  9992
2 37755  59.5256 106.8194 6094058 202.2434 359.3958  0.11591850  1619
GCOM-W1 (SHIZUKU)       
1 38337U 12025A   15113.78023537  .00001138  00000-0  26278-3 0  9991
2 38337  98.2076  54.4861 0001528  83.1233 277.0178 14.57088776155996
NUSTAR                  
1 38358U 12031A   15112.52597694  .00005552  00000-0  53612-3 0  9998
2 38358   6.0266 254.1185 0011639 137.1943 222.9093 14.86339322155136
RBSP A                  
1 38752U 12046A   15112.44285515 -.00000112  00000-0  56219-4 0  9994
2 38752   9.8063 195.1460 6815631 148.2041 282.1916  2.67374187 25808
RBSP B                  
1 38753U 12046B   15111.39247666 -.00000082  00000-0  14981-3 0  9998
2 38753   9.7689 199.8320 6822096 139.2562 299.5921  2.65816522 25652
NEOSSAT                 
1 39089U 13009D   15113.54330274  .00000304  00000-0  12406-3 0  9994
2 39089  98.6072 311.5574 0012203 103.0559 257.1989 14.34228180112783
BRITE-AUSTRIA           
1 39091U 13009F   15113.54913751  .00000294  00000-0  11915-3 0  9996
2 39091  98.6071 312.3214 0011611 113.6709 246.5696 14.34867063112833
UNIBRITE                
1 39092U 13009G   15113.40928930  .00000350  00000-0  13923-3 0  9991
2 39092  98.6071 311.9981 0010546 107.4570 252.7769 14.34740302112806
IRIS                    
1 39197U 13033A   15112.62802995  .00001916  00000-0  27303-3 0  9995
2 39197  97.9070 296.6529 0027819 196.4489 163.5822 14.77701283 97913
HISAKI (SPRINT-A)       
1 39253U 13049A   15112.24525570  .00000241  00000-0  23927-3 0  9992
2 39253  29.7202  42.7183 0137298 123.5223 237.8547 13.55123197 79424
CASSIOPE                
1 39265U 13055A   15113.75645009  .00023453  00000-0  73436-3 0  9999
2 39265  80.9730 102.1867 0731228 351.2993  57.1115 14.12400125 80158
DANDE                   
1 39267U 13055C   15113.79139001  .00021179  00000-0  68453-3 0  9991
2 39267  80.9991 103.8223 0744584 355.6507   3.8408 14.08889482 80066
STSAT-3                 
1 39422U 13066G   15113.75988314  .00002481  00000-0  27202-3 0  9993
2 39422  97.7463 186.0200 0022216 314.3475  45.5925 14.88457366 77045
BRITE-PL                
1 39431U 13066R   15113.13182895  .00001261  00000-0  28031-3 0  9991
2 39431  97.7053 151.4417 0204330  29.8782 331.3894 14.46443621 74809
SWARM B                 
1 39451U 13067A   15113.62486624  .00002145  00000-0  10000-3 0  9994
2 39451  87.7503 122.6307 0003565  98.6438 261.5369 15.19334588 78501
SWARM A                 
1 39452U 13067B   15113.88367960  .00009688  00000-0  26134-3 0  9998
2 39452  87.3451  95.7802 0003653  89.6492 270.5181 15.37636178 79264
SWARM C                 
1 39453U 13067C   15113.88360686  .00009691  00000-0  26143-3 0  9991
2 39453  87.3449  97.1851 0003597  89.4560 270.7106 15.37635342 79220
BRITE-TORONTO           
1 40020U 14033L   15113.68625310  .00001312  00000-0  23570-3 0  9996
2 40020  97.9409   3.7166 0087416 302.2937  56.9820 14.65924114 44994
OCO 2                   
1 40059U 14035A   15112.95394196  .00001143  00000-0  26358-3 0  9993
2 40059  98.1929  54.8903 0001005  98.5403 261.5977 14.57138045 42902
BRITE-PL 2              
1 40119U 14049B   15113.74926130  .00001936  00000-0  24216-3 0  9993
2 40119  97.9912 190.4917 0019010 127.0166 233.2797 14.83348084 36699
RESURS P2               
1 40360U 14087A   15113.79649037  .00006469  00000-0  19752-3 0  9991
2 40360  97.2858 208.9487 0006969  51.1599  63.3380 15.34224788 18109
MMS 1                   
1 40482U 15011A   15113.81652247 -.00000464  00000-0  00000+0 0  9996
2 40482  28.9410  27.3805 8166212  27.0232   0.4653  1.00465391   424
MMS 2                   
1 40483U 15011B   15113.81970708 -.00000466  00000-0  00000+0 0  9994
2 40483  28.9408  27.3545 8175403  27.0492   0.5182  1.00468896   424
MMS 3                   
1 40484U 15011C   15113.82164435 -.00000468  00000-0  00000+0 0  9990
2 40484  28.9448  27.3406 8180033  27.0544   0.5498  1.00470790   424
MMS 4                   
1 40485U 15011D   15111.31692633 -.00000465  00000-0  00000+0 0  9996
2 40485  28.9402  27.6023 8184230  26.5729 174.1101  1.00472605   397
