ISS (ZARYA)             
1 25544U 98067A   15113.72562110  .00046721  00000-0  65178-3 0  9995
2 25544  51.6453 356.1020 0006322 256.2547 103.8253 15.56214787939567
TIANGONG 1              
1 37820U 11053A   15113.79153589  .00036118  00000-0  45320-3 0  9994
2 37820  42.7678 238.9766 0011377   9.4099 147.2392 15.58986921204825
SPINSAT                 
1 40314U 98067FL  15113.19982933  .00030707  00000-0  40104-3 0  9996
2 40314  51.6468 357.8153 0004432 245.8493 114.2037 15.58380623 74093
AESP 14                 
1 40389U 98067FM  15113.88050565  .00762519  00000-0  29812-2 0  9996
2 40389  51.6332 348.8226 0011366 224.6861 135.3677 15.86146436 17650
FLOCK 1B-27             
1 40422U 98067FN  15113.91508218  .00090281  00000-0  94459-3 0  9991
2 40422  51.6448 353.4136 0004821 238.3085 210.6728 15.63671569 17576
FLOCK 1B-28             
1 40423U 98067FP  15113.86830958  .00158115  00000-0  16564-2 0  9996
2 40423  51.6450 353.8250 0002871 248.1947 209.1831 15.63369494 17568
FLOCK 1B-21             
1 40427U 98067FQ  15113.72403286  .00138805  00000-0  14298-2 0  9991
2 40427  51.6441 354.3621 0004905 216.6425 247.5909 15.63864158 17571
FLOCK 1B-22             
1 40428U 98067FR  15113.87858196  .00089029  00000-0  95104-3 0  9991
2 40428  51.6414 353.8704 0004358 233.9831 232.8835 15.63150134 17592
FLOCK 1B-10             
1 40429U 98067FS  15113.87541450  .00089888  00000-0  97647-3 0  9991
2 40429  51.6421 353.8957 0006735 268.6960 178.9721 15.62701616 17567
FLOCK 1B-9              
1 40430U 98067FT  15113.91297132  .00180080  00000-0  16847-2 0  9991
2 40430  51.6449 353.3979 0009596 243.9001 205.0443 15.66097456 17576
FLOCK 1D-1              
1 40451U 98067FU  15113.86655646  .00063936  00000-0  68852-3 0  9990
2 40451  51.6457 353.8397 0007252 248.6888 199.8299 15.63063830 17574
FLOCK 1D-2              
1 40452U 98067FV  15113.91385316  .00045473  00000-0  55229-3 0  9991
2 40452  51.6476 354.1665 0007726 253.4640 194.4967 15.60088290 17571
FLOCK 1B-5              
1 40453U 98067FW  15113.90790436  .00075878  00000-0  87244-3 0  9998
2 40453  51.6448 354.1076 0007981 254.2055 199.7199 15.61298131 17561
FLOCK 1B-6              
1 40454U 98067FX  15113.74740935  .00143652  00000-0  15215-2 0  9994
2 40454  51.6443 354.5052 0008304 248.6404 220.2897 15.63110429 17548
GEARRS-1                
1 40456U 98067FZ  15113.90064887  .00086671  00000-0  97590-3 0  9993
2 40456  51.6467 354.0673 0008992 213.8127 241.5291 15.61773286 17581
MICROMAS                
1 40457U 98067GA  15113.91131707  .00158074  00000-0  15089-2 0  9990
2 40457  51.6419 353.3915 0009626 237.9485 210.1161 15.65671516 17573
LAMBDASAT               
1 40458U 98067GB  15113.90396191  .00508156  00000-0  27930-2 0  9998
2 40458  51.6373 351.8284 0012699 233.6151 213.9778 15.77671675 17598
FLOCK 1B-11             
1 40459U 98067GC  15113.88200294  .00086119  00000-0  91535-3 0  9997
2 40459  51.6451 353.9473 0006840 231.7119 217.8651 15.63276917 17580
FLOCK 1B-12             
1 40460U 98067GD  15113.84145571  .00083141  00000-0  94353-3 0  9994
2 40460  51.6454 354.4599 0006755 236.7153 199.2537 15.61608874 17572
SOYUZ-TMA 16M           
1 40542U 15016A   15086.81361752  .00000000  00000-0  00000+0 0  9990
2 40542  51.6082 130.4516 0011851  54.3689 305.9172 16.25069103    11
DRAGON CRS-6            
1 40588U 15021A   15107.55990741  .00021328  00000-0  30900-3 0  9999
2 40588  51.6478  26.9099 0005986 222.9710 135.8879 15.55797401   436
