TDRS 3                  
1 19548U 88091B   15112.13417500 -.00000317  00000-0  00000+0 0  9995
2 19548  14.5936  16.6308 0037722 304.9373 234.2704  1.00266909 84525
HST                     
1 20580U 90037B   15112.58851852  .00004541  00000-0  28241-3 0  9990
2 20580  28.4691 160.7121 0002891   6.7346 240.3195 15.07239061171413
TDRS 5                  
1 21639U 91054B   15113.11186116  .00000073  00000-0  00000+0 0  9995
2 21639  13.6824  30.1211 0020728 334.5998  78.5886  1.00272419 86883
TDRS 6                  
1 22314U 93003B   15113.63231878  .00000000  00000-0  10000-3 0  9990
2 22314  13.1524  32.9443 0004786 332.5669  27.3485  1.00261127 81541
TDRS 7                  
1 23613U 95035B   15111.76906042 -.00000215  00000-0  00000+0 0  9998
2 23613  14.4712  23.7957 0023803  12.8232 174.5261  1.00268685 72329
TRMM                    
1 25063U 97074A   15112.75704922  .00224350  00000-0  94456-3 0  9996
2 25063  34.9480 224.3901 0002495  69.2428  58.5282 15.83857151993227
ISS (ZARYA)             
1 25544U 98067A   15113.72562110  .00046721  00000-0  65178-3 0  9995
2 25544  51.6453 356.1020 0006322 256.2547 103.8253 15.56214787939567
LANDSAT 7               
1 25682U 99020A   15113.75008928 -.00002280  00000-0 -49636-3 0  9998
2 25682  98.2216 184.3727 0000796 106.3240 253.8031 14.57096895852217
TERRA                   
1 25994U 99068A   15113.83154477 -.00004670  00000-0 -10273-2 0  9995
2 25994  98.2141 189.1368 0001488 109.9454 250.3149 14.57105688816302
TDRS 8                  
1 26388U 00034A   15113.78472064 -.00000245  00000-0  00000+0 0  9994
2 26388   6.1029  63.3499 0002218 321.1509 198.6022  1.00274184 54346
EO-1                    
1 26619U 00075A   15113.72955287  .00000521  00000-0  10817-3 0  9990
2 26619  97.9338 164.9410 0011255  76.9904 283.2510 14.63965996768593
TIMED                   
1 26998U 01055B   15113.08308175  .00002447  00000-0  27572-3 0  9991
2 26998  74.0728  78.7690 0002367 282.9641  77.1275 14.87220848724580
TDRS 9                  
1 27389U 02011A   15112.16309977 -.00000224  00000-0  10000-3 0  9998
2 27389   3.6153  91.3939 0006398 234.7655 270.3075  1.00469346 49595
AQUA                    
1 27424U 02022A   15112.96708824  .00001616  00000-0  36868-3 0  9997
2 27424  98.1919  54.8022 0001946  62.3054 340.4147 14.57103364689784
TDRS 10                 
1 27566U 02055A   15113.07091363  .00000000  00000-0  10000-3 0  9992
2 27566   3.6322  62.0112 0006649 228.7809 131.0813  1.00266666 45398
SORCE                   
1 27651U 03004A   15113.17682302  .00004439  00000-0  49372-3 0  9996
2 27651  39.9956  19.1383 0022059 120.7599 239.5365 14.87525852663656
AURA                    
1 28376U 04026A   15113.71978493  .00001985  00000-0  44102-3 0  9994
2 28376  98.1986  57.7270 0001446  72.1737 288.0119 14.57095996572940
SWIFT                   
1 28485U 04047A   15112.66888956  .00007787  00000-0  55256-3 0  9993
2 28485  20.5566 226.1850 0012254  37.1696 322.9584 15.01476301569723
THEMIS A                
1 30580U 07004A   15114.50006013 -.00000145  00000-0  74193-1 0  9990
2 30580  13.4141 327.7534 8302384 260.5911   1.4328  1.00207443 29757
THEMIS D                
1 30797U 07004D   15112.60335368  .00000550  00000-0  95055-1 0  9996
2 30797   8.2490 308.6393 8293801 279.1181   5.5610  1.00412360 29592
THEMIS E                
1 30798U 07004E   15109.56970848 -.00000579  00000-0  37865-2 0  9994
2 30798   9.1533 321.9835 8291154 266.5304   7.4184  1.00312198 29715
AIM                     
1 31304U 07015A   15113.80985804  .00011277  00000-0  74623-3 0  9990
2 31304  97.9125 250.6123 0004640 283.2603  76.8106 15.07516276436374
C/NOFS                  
1 32765U 08017A   15112.29903340  .00115707  00000-0  15782-2 0  9995
2 32765  12.9978 107.9480 0106901 299.4798 182.4412 15.49031084384265
FGRST (GLAST)           
1 33053U 08029A   15112.92312424  .00004195  00000-0  23500-3 0  9992
2 33053  25.5824 311.1233 0013112 190.6286 169.3973 15.09773576378305
WISE                    
1 36119U 09071A   15113.62384156  .00008404  00000-0  34598-3 0  9991
2 36119  97.5047 128.7718 0002851 164.3833 195.7493 15.24374778296410
TDRS 11                 
1 39070U 13004A   15109.52865807  .00000059  00000-0  00000+0 0  9997
2 39070   6.3057 330.0807 0007944 272.2815 344.0192  1.00274360  8132
TDRS 12                 
1 39504U 14004A   15112.25139132 -.00000301  00000-0  00000+0 0  9990
2 39504   6.7037 337.5363 0000853  85.7943 195.9898  1.00278888  4597
