NAVSTAR 73 (USA 260)    
1 40534U 15013A   15113.17532504 -.00000098  00000-0  00000+0 0  9991
2 40534  55.0180  11.6316 0001181 330.9557  29.0637  2.00577612   566
DELTA 4 R/B             
1 40535U 15013B   15112.51960241 -.00000099  00000-0  00000+0 0  9993
2 40535  54.6934  11.4394 0030278 340.9137  18.9860  1.92975696   533
KOMPSAT-3A              
1 40536U 15014A   15113.77815377  .00007857  00000-0  46144-3 0  9994
2 40536  97.5170  53.9290 0015397 169.6784 282.7540 15.11881918  4367
SL-24 DEB               
1 40537U 15014B   15113.26764835  .00033543  00000-0  16534-2 0  9991
2 40537  97.5204  53.6531 0024669 222.4547 137.4464 15.17591130  4291
SL-24 R/B               
1 40541U 15014C   15113.28198524  .00000625  00000-0  16100-3 0  9999
2 40541  97.3824  47.6916 0623101 108.6318 258.3534 13.74864021  3809
SOYUZ-TMA 16M           
1 40542U 15016A   15086.81361752  .00000000  00000-0  00000+0 0  9990
2 40542  51.6082 130.4516 0011851  54.3689 305.9172 16.25069103    11
GSAT0203                
1 40544U 15017A   15112.31507944  .00000003  00000-0  00000+0 0  9996
2 40544  55.0804  94.2271 0010839 336.7747  23.1481  1.67716412   424
GSAT0204                
1 40545U 15017B   15113.31141736  .00000000  00000-0  10000-3 0  9993
2 40545  55.0894  94.1873 0005185 358.2911   1.6856  1.69234393   232
FREGAT R/B              
1 40546U 15017C   15112.90423689  .00000005  00000-0  00000+0 0  9998
2 40546  55.0582  94.2462 0017842 165.3426 194.6500  1.67684330   432
IRNSS-1D                
1 40547U 15018A   15113.85252262 -.00000336  00000-0  00000+0 0  9990
2 40547  30.4489 307.1207 0020300 183.6052 139.5199  1.00273147   417
PSLV R/B                
1 40548U 15018B   15111.74334054 -.00000047  00000-0  00000+0 0  9996
2 40548  19.1099 289.4935 6072654 212.9555  87.7139  3.93015212   956
BEIDOU I1-S             
1 40549U 15019A   15107.74657318 -.00000049  00000-0  00000+0 0  9996
2 40549  54.9704 342.7821 0082980 188.1091  42.6418  0.98769217   188
CZ-3C R/B               
1 40550U 15019B   15113.43145925  .00050071  34230-6  18437-2 0  9990
2 40550  54.9773 333.9430 6546943 173.3566 203.9250  3.30764841   786
2015-020A               
1 40552U 15020A   15113.85593538  .00000010  00000-0  00000+0 0  9991
2 40552  82.4842  48.2661 0006783 281.9733  78.0600 12.40884172  2886
2015-020B               
1 40553U 15020B   15113.77025563  .00000010  00000-0  00000+0 0  9991
2 40553  82.4904  48.3279 0006765 268.9165  91.1133 12.41155434  2875
2015-020C               
1 40554U 15020C   15113.83608745  .00000010  00000-0  00000+0 0  9998
2 40554  82.4855  48.2517 0011224 204.5587 155.4971 12.42999790  2882
2015-020D               
1 40555U 15020D   15113.84068050  .00000010  00000-0  00000+0 0  9999
2 40555  82.4882  47.4362 0214844 216.2483 142.3640 12.80226927  2975
2015-020E               
1 40556U 15020E   15113.84094673  .00000010  00000-0  00000+0 0  9990
2 40556  82.4926  47.4414 0213860 215.6956 142.9695 12.80499655  2974
DRAGON CRS-6            
1 40588U 15021A   15107.55990741  .00021328  00000-0  30900-3 0  9999
2 40588  51.6478  26.9099 0005986 222.9710 135.8879 15.55797401   436
FALCON 9 R/B            
1 40589U 15021B   15112.64641402  .11443910  12575-4  31399-3 0  9997
2 40589  51.6257 358.5569 0018429  75.5734 284.8122 16.43639258  1263
DELTA 4 DEB             
1 40597U 15013C   15113.62909098  .99999999  32692-5  37541+0 0  9997
2 40597  52.0234 333.5754 1480760 102.9374 353.4137 12.80800254  1147
DELTA 4 DEB             
1 40598U 15013D   15099.91274227 -.00000364  60215-6  00000+0 0  9997
2 40598  52.1656 343.0669 3824457  94.6014   1.5859  7.93464677   978
DELTA 4 DEB             
1 40599U 15013C   15105.13437692 -.00002457  77684-5  00000+0 0  9999
2 40599  52.1965 341.9980 1017835  96.5540  26.8718 14.00269453   753
