APRIZESAT 2             
1 28366U 04025A   15113.38672967  .00000391  00000-0  13949-3 0  9997
2 28366  98.3267  41.2900 0106861 241.0399 118.0041 14.36433145566778
SAUDICOMSAT 1           
1 28369U 04025D   15113.81618220  .00000872  00000-0  22517-3 0  9995
2 28369  98.0865  78.6794 0032520 287.7772  71.9877 14.52043879572803
SAUDICOMSAT 2           
1 28370U 04025E   15113.86098308  .00000877  00000-0  24786-3 0  9996
2 28370  98.2035  67.4420 0058817  27.6648 332.7653 14.47027196570882
APRIZESAT 1             
1 28372U 04025G   15113.83133032  .00000712  00000-0  19561-3 0  9992
2 28372  98.1510  72.2089 0046117 339.4317  77.0852 14.49267306571818
NANOSAT-1               
1 28493U 04049B   15113.10367628  .00001443  00000-0  23381-3 0  9999
2 28493  98.3077 158.5374 0004263 358.8590  53.7687 14.72817598555203
SAUDICOMSAT 7           
1 31119U 07012C   15112.94558167  .00001525  00000-0  31077-3 0  9994
2 31119  97.8499 100.4867 0061151  21.1328 339.2380 14.61184868427121
SAUDICOMSAT 6           
1 31121U 07012E   15112.86811826  .00001374  00000-0  29621-3 0  9996
2 31121  97.9074  90.5109 0078577  68.0693 308.4128 14.58001748426215
SAUDICOMSAT 5           
1 31124U 07012H   15112.81862272  .00001485  00000-0  29411-3 0  9995
2 31124  97.8207 106.4253 0052090 358.3573   1.7450 14.62845497427568
SAUDICOMSAT 3           
1 31125U 07012J   15112.83230682  .00001537  00000-0  29468-3 0  9992
2 31125  97.7947 112.6486 0043160 335.9292  23.9894 14.64518573428038
SAUDICOMSAT 4           
1 31127U 07012L   15113.85704736  .00001395  00000-0  29225-3 0  9996
2 31127  97.8770  96.6374 0069598  40.4385 320.1960 14.59703587426822
APRIZESAT 4             
1 35684U 09041D   15112.73793631  .00001599  00000-0  22218-3 0  9991
2 35684  98.0709  39.2617 0049101 110.8819 279.8457 14.78490258308902
APRIZESAT 3             
1 35686U 09041F   15113.15790094  .00003482  00000-0  38276-3 0  9994
2 35686  98.1919  72.6886 0075519  49.3944 311.3808 14.86254002310396
AISSAT 1                
1 36797U 10035C   15113.83338062  .00002906  00000-0  34842-3 0  9996
2 36797  98.0086 210.9790 0012308  44.3990 315.8209 14.84802334258714
